time,BRK.B,K,MSFT,TSLA,XOM
2015-01-02 00:00:00-05:00,149.13,65.49,46.75,219.19,92.81
2015-01-05 00:00:00-05:00,147.07,64.27,46.33,210.01,90.34
2015-01-06 00:00:00-05:00,146.7,64.43,45.6,211.19,89.78
2015-01-07 00:00:00-05:00,148.81,66.0,46.23,210.81,90.72
2015-01-08 00:00:00-05:00,151.25,67.19,47.59,210.55,92.2
2015-01-09 00:00:00-05:00,149.53,66.44,47.19,206.6,92.11
2015-01-12 00:00:00-05:00,148.33,65.5,46.61,202.21,90.41
2015-01-13 00:00:00-05:00,148.54,65.97,46.355,204.3,90.0
2015-01-14 00:00:00-05:00,147.77,66.75,45.95,192.59,89.73
2015-01-15 00:00:00-05:00,147.6,67.74,45.48,191.74,88.97
2015-01-16 00:00:00-05:00,149.1377,68.11,46.22,193.02,91.08
2015-01-20 00:00:00-05:00,148.52,68.96,46.39,191.89,91.08
2015-01-21 00:00:00-05:00,147.15,69.04,45.91,196.56,91.89
2015-01-22 00:00:00-05:00,150.13,69.83,47.12,201.62,92.88
2015-01-23 00:00:00-05:00,149.14,68.67,47.18,201.29,90.87
2015-01-26 00:00:00-05:00,149.63,68.88,47.05,206.55,91.75
2015-01-27 00:00:00-05:00,147.66,68.45,42.67,206.03,90.931
2015-01-28 00:00:00-05:00,144.81,67.38,41.2,199.225,87.95
2015-01-29 00:00:00-05:00,146.5,67.35,42.02,205.158,87.57
2015-01-30 00:00:00-05:00,144.06,65.57,40.42,203.6,87.31
2015-02-02 00:00:00-05:00,146.71,66.47,41.28,211.01,89.56
2015-02-03 00:00:00-05:00,148.34,66.65,41.59,218.36,92.25
2015-02-04 00:00:00-05:00,147.41,66.63,41.83,218.54,91.45
2015-02-05 00:00:00-05:00,149.59,67.02,42.46,220.96,92.36
2015-02-06 00:00:00-05:00,150.07,66.24,42.42,217.46,91.49
2015-02-09 00:00:00-05:00,149.08,65.8,42.35,217.47,91.53
2015-02-10 00:00:00-05:00,149.94,66.29,42.6,216.28,90.9829
2015-02-11 00:00:00-05:00,149.6,66.3,42.37,212.72,90.6
2015-02-12 00:00:00-05:00,149.66,63.3042,43.08,202.851,92.36
2015-02-13 00:00:00-05:00,148.4063,63.2,43.86,203.77,93.36
2015-02-17 00:00:00-05:00,149.07,63.22,43.575,204.41,92.97
2015-02-18 00:00:00-05:00,148.58,63.8,43.53,204.37,90.99
2015-02-19 00:00:00-05:00,147.53,63.79,43.51,211.71,89.47
2015-02-20 00:00:00-05:00,148.59,64.09,43.86,217.14,89.92
2015-02-23 00:00:00-05:00,147.35,64.29,44.15,207.34,88.99
2015-02-24 00:00:00-05:00,148.97,64.03,44.1,204.1,89.42
2015-02-25 00:00:00-05:00,148.75,64.79,43.98,203.77,89.58
2015-02-26 00:00:00-05:00,148.33,64.68,44.05,207.27,88.65
2015-02-27 00:00:00-05:00,147.37,64.48,43.84,203.3,88.5401
2015-03-02 00:00:00-05:00,147.03,64.29,43.87,197.27,88.02
2015-03-03 00:00:00-05:00,145.89,64.73,43.27,199.55,87.63
2015-03-04 00:00:00-05:00,144.88,64.72,43.06,202.5,87.1899
2015-03-05 00:00:00-05:00,146.09,64.04,43.09,200.64,86.72
2015-03-06 00:00:00-05:00,145.37,62.46,42.365,193.87,85.61
2015-03-09 00:00:00-04:00,146.06,62.61,42.83,190.8,85.16
2015-03-10 00:00:00-04:00,143.27,62.61,42.045,190.36,84.31
2015-03-11 00:00:00-04:00,143.55,61.98,41.98,193.7401,84.03
2015-03-12 00:00:00-04:00,145.64,62.32,41.01,191.1497,84.22
2015-03-13 00:00:00-04:00,144.03,62.14,41.37,188.61,83.91
2015-03-16 00:00:00-04:00,145.91,62.83,41.54,195.71,84.76
2015-03-17 00:00:00-04:00,144.77,62.23,41.7,194.72,84.09
2015-03-18 00:00:00-04:00,145.97,63.05,42.5,200.722,86.055
2015-03-19 00:00:00-04:00,144.9499,62.82,42.28,195.51,84.42
2015-03-20 00:00:00-04:00,145.65,64.03,42.76,198.04,84.54
2015-03-23 00:00:00-04:00,145.55,63.97,42.85,199.64,85.38
2015-03-24 00:00:00-04:00,144.3,62.95,42.91,201.72,84.5
2015-03-25 00:00:00-04:00,143.6,63.14,41.46,194.31,84.8598
2015-03-26 00:00:00-04:00,143.04,63.0,41.2,190.4,84.31
2015-03-27 00:00:00-04:00,143.75,63.84,41.01,185.0,83.56
2015-03-30 00:00:00-04:00,145.91,65.5,40.94,190.56,85.6
2015-03-31 00:00:00-04:00,144.68,65.97,40.65,188.82,84.94
2015-04-01 00:00:00-04:00,143.6,66.18,40.71,187.51,84.455
2015-04-02 00:00:00-04:00,143.48,66.38,40.29,191.07,84.28
2015-04-06 00:00:00-04:00,143.76,66.04,41.55,203.0962,85.14
2015-04-07 00:00:00-04:00,143.02,65.73,41.53,203.28,85.72
2015-04-08 00:00:00-04:00,143.25,65.59,41.42,207.68,84.07
2015-04-09 00:00:00-04:00,143.63,65.48,41.48,210.1065,84.64
2015-04-10 00:00:00-04:00,143.55,65.73,41.72,210.88,85.54
2015-04-13 00:00:00-04:00,143.415,65.44,41.77,209.83,85.36
2015-04-14 00:00:00-04:00,142.83,65.575,41.65,207.46,86.64
2015-04-15 00:00:00-04:00,142.63,65.17,42.26,207.82,88.03
2015-04-16 00:00:00-04:00,142.12,65.04,42.17,206.675,87.73
2015-04-17 00:00:00-04:00,140.7,64.39,41.62,206.79,86.92
2015-04-20 00:00:00-04:00,142.04,64.59,42.9,205.2717,87.25
2015-04-21 00:00:00-04:00,141.19,63.85,42.64,209.41,86.89
2015-04-22 00:00:00-04:00,141.98,63.97,42.98,219.44,87.45
2015-04-23 00:00:00-04:00,142.45,63.87,43.35,218.6,87.57
2015-04-24 00:00:00-04:00,142.05,63.73,47.87,218.36,87.0
2015-04-27 00:00:00-04:00,141.1,63.595,48.03,231.54,87.02
2015-04-28 00:00:00-04:00,142.61,63.69,49.16,230.48,87.82
2015-04-29 00:00:00-04:00,142.44,63.39,49.05,232.45,87.84
2015-04-30 00:00:00-04:00,141.25,63.35,48.66,226.06,87.37
2015-05-01 00:00:00-04:00,143.26,63.89,48.65,225.96,88.84
2015-05-04 00:00:00-04:00,146.13,64.14,48.24,230.5,89.09
2015-05-05 00:00:00-04:00,144.59,63.17,47.61,232.86,88.615
2015-05-06 00:00:00-04:00,143.86,63.0,46.29,230.53,88.22
2015-05-07 00:00:00-04:00,145.37,63.57,46.7,236.87,87.61
2015-05-08 00:00:00-04:00,148.29,63.615,47.72,236.61,88.99
2015-05-11 00:00:00-04:00,146.14,63.79,47.37,239.51,86.75
2015-05-12 00:00:00-04:00,144.75,63.66,47.35,244.75,86.99
2015-05-13 00:00:00-04:00,144.28,63.74,47.63,243.13,86.56
2015-05-14 00:00:00-04:00,145.7,64.57,48.72,244.1,86.95
2015-05-15 00:00:00-04:00,145.22,65.25,48.3,248.8601,87.35
2015-05-18 00:00:00-04:00,145.7,64.63,48.0,248.72,86.8262
2015-05-19 00:00:00-04:00,146.58,64.17,47.57,247.045,86.96
2015-05-20 00:00:00-04:00,145.89,64.23,47.58,244.33,87.12
2015-05-21 00:00:00-04:00,145.31,63.95,47.42,245.62,87.23
2015-05-22 00:00:00-04:00,144.61,63.69,46.9,247.73,86.53
2015-05-26 00:00:00-04:00,143.66,62.99,46.6,247.41,85.39
2015-05-27 00:00:00-04:00,144.77,63.22,47.62,247.43,85.11
2015-05-28 00:00:00-04:00,144.79,62.58,47.45,251.45,85.11
2015-05-29 00:00:00-04:00,143.02,62.785,46.86,250.69,85.29
2015-06-01 00:00:00-04:00,143.31,62.56,47.24,249.28,85.11
2015-06-02 00:00:00-04:00,142.97,62.17,46.92,248.35,85.16
2015-06-03 00:00:00-04:00,143.25,62.27,46.86,248.99,84.96
2015-06-04 00:00:00-04:00,141.5,62.26,46.39,245.85,84.24
2015-06-05 00:00:00-04:00,140.73,61.47,46.15,249.09,84.26
2015-06-08 00:00:00-04:00,139.58,61.31,45.74,256.375,84.85
2015-06-09 00:00:00-04:00,139.58,61.5,45.64,256.18,84.55
2015-06-10 00:00:00-04:00,140.71,62.04,46.59,250.57,85.19
2015-06-11 00:00:00-04:00,141.3,62.24,46.44,251.44,85.1
2015-06-12 00:00:00-04:00,140.32,62.14,45.97,250.69,84.025
2015-06-15 00:00:00-04:00,139.44,61.69,45.48,250.38,83.74
2015-06-16 00:00:00-04:00,139.67,62.48,45.82,253.13,84.68
2015-06-17 00:00:00-04:00,139.96,62.83,45.97,260.4,84.7
2015-06-18 00:00:00-04:00,142.62,63.1,46.71,261.9,85.45
2015-06-19 00:00:00-04:00,140.99,63.32,46.02,262.27,85.17
2015-06-22 00:00:00-04:00,141.61,63.4,46.245,259.75,85.16
2015-06-23 00:00:00-04:00,141.41,63.48,45.9,267.61,85.1
2015-06-24 00:00:00-04:00,140.18,63.43,45.63,265.0,84.68
2015-06-25 00:00:00-04:00,139.48,62.86,45.65,268.76,83.94
2015-06-26 00:00:00-04:00,139.82,63.05,45.27,267.46,83.9
2015-06-29 00:00:00-04:00,136.54,62.6,44.39,262.06,82.83
2015-06-30 00:00:00-04:00,136.18,62.68,44.15,268.25,83.17
2015-07-01 00:00:00-04:00,137.6,63.03,44.446,268.96,82.41
2015-07-02 00:00:00-04:00,137.33,63.13,44.39,280.01,83.125
2015-07-06 00:00:00-04:00,136.8,62.73,44.4,279.71,82.51
2015-07-07 00:00:00-04:00,138.54,64.14,44.3,267.88,82.88
2015-07-08 00:00:00-04:00,136.9,63.7,44.25,254.96,81.98
2015-07-09 00:00:00-04:00,138.36,63.59,44.51,257.91,81.59
2015-07-10 00:00:00-04:00,139.65,63.76,44.59,259.14,82.23
2015-07-13 00:00:00-04:00,141.34,64.19,45.53,262.16,82.42
2015-07-14 00:00:00-04:00,141.09,64.11,45.62,265.7,83.1
2015-07-15 00:00:00-04:00,142.61,63.7,45.77,263.28,82.76
2015-07-16 00:00:00-04:00,143.89,64.5,46.65,266.66,82.9
2015-07-17 00:00:00-04:00,143.81,64.36,46.61,274.62,82.61
2015-07-20 00:00:00-04:00,144.43,64.12,46.92,282.08,81.75
2015-07-21 00:00:00-04:00,143.62,64.0,47.27,266.77,81.63
2015-07-22 00:00:00-04:00,143.47,64.39,45.54,267.82,81.78
2015-07-23 00:00:00-04:00,142.2899,64.33,46.12,267.0032,81.14
2015-07-24 00:00:00-04:00,141.36,64.545,45.94,265.37,79.97
2015-07-27 00:00:00-04:00,140.86,64.7,45.36,253.01,79.27
2015-07-28 00:00:00-04:00,143.24,65.06,45.35,264.82,82.49
2015-07-29 00:00:00-04:00,142.86,65.43,46.28,263.78,83.14
2015-07-30 00:00:00-04:00,142.92,66.1,46.89,266.79,83.02
2015-07-31 00:00:00-04:00,143.11,66.19,46.7,266.14,79.29
2015-08-03 00:00:00-04:00,142.22,66.06,46.81,259.81,78.07
2015-08-04 00:00:00-04:00,142.76,67.51,47.55,266.3,77.15
2015-08-05 00:00:00-04:00,143.53,68.68,47.59,270.13,77.12
2015-08-06 00:00:00-04:00,143.46,68.87,46.61,246.19,78.1
2015-08-07 00:00:00-04:00,143.69,68.94,46.76,242.51,76.84
2015-08-10 00:00:00-04:00,143.39,69.02,47.33,241.08,78.75
2015-08-11 00:00:00-04:00,142.81,69.21,46.42,237.36,77.49
2015-08-12 00:00:00-04:00,141.69,68.91,46.75,238.2,78.81
2015-08-13 00:00:00-04:00,142.01,68.91,46.74,242.58,78.68
2015-08-14 00:00:00-04:00,142.66,69.76,47.0,243.09,78.36
2015-08-17 00:00:00-04:00,142.38,69.59,47.32,255.0244,78.78
2015-08-18 00:00:00-04:00,141.43,69.28,47.27,260.71,77.91
2015-08-19 00:00:00-04:00,140.5,68.94,46.625,255.27,76.24
2015-08-20 00:00:00-04:00,138.43,68.73,45.77,242.27,74.59
2015-08-21 00:00:00-04:00,134.42,67.46,43.08,230.8799,72.157
2015-08-24 00:00:00-04:00,129.64,65.75,41.72,218.96,68.7
2015-08-25 00:00:00-04:00,127.81,65.1,40.47,220.034,68.68
2015-08-26 00:00:00-04:00,132.61,66.95,42.73,224.84,72.5
2015-08-27 00:00:00-04:00,136.18,67.39,43.91,242.99,74.85
2015-08-28 00:00:00-04:00,135.67,67.04,43.92,248.2701,75.02
2015-08-31 00:00:00-04:00,133.98,66.29,43.51,249.11,75.28
2015-09-01 00:00:00-04:00,130.59,65.73,41.83,238.64,72.09
2015-09-02 00:00:00-04:00,132.21,66.76,43.34,247.86,73.24
2015-09-03 00:00:00-04:00,132.09,67.33,43.5,245.57,73.77
2015-09-04 00:00:00-04:00,129.57,66.58,42.6,241.9,72.48
2015-09-08 00:00:00-04:00,132.98,67.49,43.88,248.26,73.49
2015-09-09 00:00:00-04:00,130.62,66.17,43.07,248.91,72.0
2015-09-10 00:00:00-04:00,130.71,66.33,43.3,248.38,72.51
2015-09-11 00:00:00-04:00,131.3,67.0,43.48,250.2,72.66
2015-09-14 00:00:00-04:00,130.92,66.75,43.03,253.14,72.47
2015-09-15 00:00:00-04:00,132.28,67.455,43.98,253.49,72.87
2015-09-16 00:00:00-04:00,132.45,68.39,44.3,262.25,74.28
2015-09-17 00:00:00-04:00,131.48,68.88,44.26,261.99,74.41
2015-09-18 00:00:00-04:00,129.12,67.45,43.48,260.62,72.57
2015-09-21 00:00:00-04:00,131.05,67.68,44.13,264.22,73.4
2015-09-22 00:00:00-04:00,129.21,67.04,43.9,260.74,72.74
2015-09-23 00:00:00-04:00,129.12,67.31,43.88,261.06,72.3
2015-09-24 00:00:00-04:00,128.88,67.2,43.91,263.12,72.73
2015-09-25 00:00:00-04:00,129.72,68.23,43.96,257.06,73.25
2015-09-28 00:00:00-04:00,128.6701,66.49,43.3,248.26,72.59
2015-09-29 00:00:00-04:00,128.77,66.46,43.44,246.53,72.97
2015-09-30 00:00:00-04:00,129.84,66.54,44.21,248.4,74.26
2015-10-01 00:00:00-04:00,129.84,66.22,44.61,239.88,74.06
2015-10-02 00:00:00-04:00,129.84,67.41,45.57,247.492,75.88
2015-10-05 00:00:00-04:00,132.34,68.05,46.63,246.15,76.78
2015-10-06 00:00:00-04:00,131.18,67.5699,46.76,241.34,77.89
2015-10-07 00:00:00-04:00,132.67,68.2,46.79,231.89,79.2
2015-10-08 00:00:00-04:00,133.75,69.25,47.45,226.7,80.03
2015-10-09 00:00:00-04:00,132.98,69.47,47.11,220.68,79.2799
2015-10-12 00:00:00-04:00,133.33,69.84,47.0,215.42,79.3
2015-10-13 00:00:00-04:00,132.17,69.35,46.88,219.25,79.16
2015-10-14 00:00:00-04:00,131.24,68.67,46.68,216.89,80.17
2015-10-15 00:00:00-04:00,133.79,69.21,47.03,221.44,81.5
2015-10-16 00:00:00-04:00,133.8,69.79,47.5,227.0,82.47
2015-10-19 00:00:00-04:00,133.66,69.62,47.62,228.1,81.0
2015-10-20 00:00:00-04:00,134.25,68.96,47.77,213.03,80.88
2015-10-21 00:00:00-04:00,133.26,69.63,47.2,210.05,80.22
2015-10-22 00:00:00-04:00,137.33,72.0,48.03,211.81,82.88
2015-10-23 00:00:00-04:00,137.75,71.71,53.24,209.1,82.98
2015-10-26 00:00:00-04:00,136.95,71.55,54.27,215.4,81.22
2015-10-27 00:00:00-04:00,135.59,71.07,53.7,210.35,81.11
2015-10-28 00:00:00-04:00,138.16,70.91,53.98,212.96,82.25
2015-10-29 00:00:00-04:00,137.91,70.97,53.35,211.6,82.23
2015-10-30 00:00:00-04:00,136.08,70.52,52.64,206.94,82.84
2015-11-02 00:00:00-05:00,138.31,70.59,53.23,213.81,85.295
2015-11-03 00:00:00-05:00,137.97,68.09,54.16,208.32,86.85
2015-11-04 00:00:00-05:00,137.5,68.67,54.41,231.65,85.99
2015-11-05 00:00:00-05:00,136.62,69.38,54.39,231.7,84.82
2015-11-06 00:00:00-05:00,136.3799,67.92,54.91,232.35,84.47
2015-11-09 00:00:00-05:00,134.14,67.47,54.16,225.16,81.96
2015-11-10 00:00:00-05:00,134.7,67.32,53.53,216.5,82.37
2015-11-11 00:00:00-05:00,135.0,67.62,53.65,219.0,81.6
2015-11-12 00:00:00-05:00,132.8,66.3,53.32,212.94,79.4
2015-11-13 00:00:00-05:00,132.01,66.12,52.84,207.16,78.08
2015-11-16 00:00:00-05:00,133.3,66.92,53.76,214.31,80.89
2015-11-17 00:00:00-05:00,133.145,66.04,52.97,213.97,79.95
2015-11-18 00:00:00-05:00,136.2,66.3,53.84,221.04,80.74
2015-11-19 00:00:00-05:00,136.63,66.45,53.94,221.7311,80.3
2015-11-20 00:00:00-05:00,136.63,66.27,54.18,220.0,79.77
2015-11-23 00:00:00-05:00,136.0,68.58,54.18,217.75,80.29
2015-11-24 00:00:00-05:00,135.58,67.88,54.26,218.25,81.92
2015-11-25 00:00:00-05:00,135.07,69.18,53.7,229.64,81.27
2015-11-27 00:00:00-05:00,134.66,69.29,53.94,231.61,81.2399
2015-11-30 00:00:00-05:00,134.29,68.77,54.36,230.36,81.79
2015-12-01 00:00:00-05:00,136.39,69.37,55.21,237.2435,81.88
2015-12-02 00:00:00-05:00,135.38,68.89,55.23,231.97,79.56
2015-12-03 00:00:00-05:00,132.73,68.53,54.2,232.61,78.42
2015-12-04 00:00:00-05:00,136.23,70.18,55.9,230.23,78.8215
2015-12-07 00:00:00-05:00,135.66,70.52,55.82,231.0364,76.8
2015-12-08 00:00:00-05:00,133.4747,70.84,55.79,226.73,74.64
2015-12-09 00:00:00-05:00,131.76,70.6,54.98,224.49,75.65
2015-12-10 00:00:00-05:00,131.74,70.75,55.28,227.07,75.6958
2015-12-11 00:00:00-05:00,130.35,70.13,54.08,217.03,74.47
2015-12-14 00:00:00-05:00,132.06,71.09,55.16,218.61,76.05
2015-12-15 00:00:00-05:00,134.8,71.51,55.2,221.09,79.43
2015-12-16 00:00:00-05:00,135.88,71.97,56.125,234.51,79.13
2015-12-17 00:00:00-05:00,133.96,71.62,55.7,233.34,77.98
2015-12-18 00:00:00-05:00,129.87,70.78,54.18,230.56,77.3
2015-12-21 00:00:00-05:00,131.29,71.04,54.82,232.56,77.251
2015-12-22 00:00:00-05:00,133.12,72.2,55.35,229.95,77.63
2015-12-23 00:00:00-05:00,134.24,73.07,55.83,229.69,80.19
2015-12-24 00:00:00-05:00,133.88,72.88,55.68,230.68,79.3
2015-12-28 00:00:00-05:00,133.15,72.88,55.95,228.98,78.75
2015-12-29 00:00:00-05:00,134.11,73.52,56.55,237.19,79.15
2015-12-30 00:00:00-05:00,133.22,73.18,56.31,238.0468,78.14
2015-12-31 00:00:00-05:00,131.95,72.28,55.45,240.0,77.94
2016-01-04 00:00:00-05:00,130.9,71.62,54.79,223.41,77.46
2016-01-05 00:00:00-05:00,131.25,71.87,55.05,223.42,78.11
2016-01-06 00:00:00-05:00,131.42,72.0,54.075,219.04,77.49
2016-01-07 00:00:00-05:00,129.56,70.38,52.19,215.81,76.26
2016-01-08 00:00:00-05:00,128.37,71.48,52.33,211.0,74.66
2016-01-11 00:00:00-05:00,128.29,71.56,52.3,207.91,73.67
2016-01-12 00:00:00-05:00,128.89,71.46,52.77,209.97,75.24
2016-01-13 00:00:00-05:00,126.25,70.9,51.66,200.39,75.68
2016-01-14 00:00:00-05:00,127.97,71.68,53.06,206.18,79.03
2016-01-15 00:00:00-05:00,126.1358,70.67,50.98,204.98,77.56
2016-01-19 00:00:00-05:00,127.7,71.22,50.56,204.71,76.36
2016-01-20 00:00:00-05:00,124.85,70.1,50.78,198.7,73.17
2016-01-21 00:00:00-05:00,125.59,69.96,50.45,199.97,74.07
2016-01-22 00:00:00-05:00,127.03,71.605,52.29,202.55,76.56
2016-01-25 00:00:00-05:00,124.23,70.52,51.77,196.37,73.99
2016-01-26 00:00:00-05:00,125.89,71.2,52.18,193.56,76.6968
2016-01-27 00:00:00-05:00,125.27,71.57,51.21,188.07,75.29
2016-01-28 00:00:00-05:00,126.01,72.76,52.06,189.7,76.96
2016-01-29 00:00:00-05:00,129.62,73.42,55.05,191.11,77.58
2016-02-01 00:00:00-05:00,128.69,73.59,54.67,196.95,76.22
2016-02-02 00:00:00-05:00,125.7,72.37,53.0,182.71,74.62
2016-02-03 00:00:00-05:00,126.27,72.33,52.17,173.48,78.46
2016-02-04 00:00:00-05:00,127.56,71.82,52.0,175.33,79.82
2016-02-05 00:00:00-05:00,126.56,71.83,50.16,162.61,80.08
2016-02-08 00:00:00-05:00,126.81,71.32,49.39,148.03,81.19
2016-02-09 00:00:00-05:00,127.68,71.42,49.28,148.1,80.14
2016-02-10 00:00:00-05:00,126.58,70.85,49.69,143.63,79.38
2016-02-11 00:00:00-05:00,125.0,73.68,49.64,150.68,79.6
2016-02-12 00:00:00-05:00,128.03,74.98,50.5,151.04,81.02
2016-02-16 00:00:00-05:00,128.62,75.18,51.09,155.01,81.21
2016-02-17 00:00:00-05:00,130.18,75.75,52.42,168.78,81.98
2016-02-18 00:00:00-05:00,130.75,75.78,52.19,166.74,82.43
2016-02-19 00:00:00-05:00,131.01,75.51,51.81,166.55,82.48
2016-02-22 00:00:00-05:00,131.99,73.84,52.64,177.74,82.37
2016-02-23 00:00:00-05:00,130.75,74.14,51.18,177.21,81.23
2016-02-24 00:00:00-05:00,130.94,73.91,51.355,178.99,81.46
2016-02-25 00:00:00-05:00,132.24,74.91,52.1,187.65,82.04
2016-02-26 00:00:00-05:00,131.86,73.44,51.28,190.36,81.72
2016-02-29 00:00:00-05:00,133.98,74.02,50.77,191.91,80.1501
2016-03-01 00:00:00-05:00,136.75,74.18,52.58,186.3499,81.28
2016-03-02 00:00:00-05:00,136.66,75.09,52.95,188.34,82.69
2016-03-03 00:00:00-05:00,136.81,74.83,52.35,195.74,82.39
2016-03-04 00:00:00-05:00,137.91,75.22,52.03,201.03,82.28
2016-03-07 00:00:00-05:00,138.6,74.88,51.02,205.09,84.45
2016-03-08 00:00:00-05:00,137.75,74.86,51.65,202.52,82.64
2016-03-09 00:00:00-05:00,139.11,75.18,52.83,208.67,82.33
2016-03-10 00:00:00-05:00,138.68,75.23,52.05,205.18,82.19
2016-03-11 00:00:00-05:00,140.61,75.52,53.07,207.47,82.19
2016-03-14 00:00:00-04:00,139.6301,74.95,53.17,215.15,82.39
2016-03-15 00:00:00-04:00,140.35,75.08,53.59,218.33,82.8101
2016-03-16 00:00:00-04:00,139.87,75.63,54.35,221.93,82.91
2016-03-17 00:00:00-04:00,142.36,76.41,54.69,226.38,84.06
2016-03-18 00:00:00-04:00,142.15,76.13,53.49,232.4261,84.2
2016-03-21 00:00:00-04:00,142.14,75.48,53.86,238.01,83.61
2016-03-22 00:00:00-04:00,142.2,74.42,54.09,234.24,84.13
2016-03-23 00:00:00-04:00,140.99,75.04,53.98,222.57,83.7801
2016-03-24 00:00:00-04:00,140.14,75.44,54.21,227.67,83.98
2016-03-28 00:00:00-04:00,141.34,75.67,53.54,230.25,84.22
2016-03-29 00:00:00-04:00,141.9302,76.6,54.72,230.08,84.51
2016-03-30 00:00:00-04:00,142.52,76.82,55.05,226.6,84.51
2016-03-31 00:00:00-04:00,141.87,76.56,55.23,229.72,83.61
2016-04-01 00:00:00-04:00,143.795,77.85,55.57,237.52,83.02
2016-04-04 00:00:00-04:00,143.13,78.08,55.43,246.99,83.1
2016-04-05 00:00:00-04:00,141.28,76.82,54.56,255.61,82.22
2016-04-06 00:00:00-04:00,141.72,77.78,55.13,265.45,83.33
2016-04-07 00:00:00-04:00,140.91,77.12,54.45,257.2,82.38
2016-04-08 00:00:00-04:00,141.08,77.27,54.42,250.02,83.19
2016-04-11 00:00:00-04:00,141.0,76.99,54.31,249.83,83.32
2016-04-12 00:00:00-04:00,142.4,77.33,54.65,247.82,84.34
2016-04-13 00:00:00-04:00,144.11,76.66,55.35,254.53,84.83
2016-04-14 00:00:00-04:00,143.65,76.46,55.36,251.84,85.4
2016-04-15 00:00:00-04:00,143.4,77.54,55.64,254.45,84.97
2016-04-18 00:00:00-04:00,144.37,77.67,56.45,253.87,85.76
2016-04-19 00:00:00-04:00,145.96,77.6,56.4,247.37,86.2
2016-04-20 00:00:00-04:00,146.02,76.71,55.6,249.97,86.8
2016-04-21 00:00:00-04:00,144.9,75.0,55.7875,248.18,86.8
2016-04-22 00:00:00-04:00,146.11,75.31,51.77,253.69,87.52
2016-04-25 00:00:00-04:00,146.26,75.8,52.12,251.8,87.33
2016-04-26 00:00:00-04:00,146.98,75.31,51.44,253.66,87.6
2016-04-27 00:00:00-04:00,147.66,76.39,50.94,251.41,88.47
2016-04-28 00:00:00-04:00,146.175,76.475,49.89,247.71,88.15
2016-04-29 00:00:00-04:00,145.44,76.85,49.88,240.74,88.48
2016-05-02 00:00:00-04:00,146.84,77.45,50.61,241.8,89.12
2016-05-03 00:00:00-04:00,144.755,76.84,49.78,232.37,88.12
2016-05-04 00:00:00-04:00,144.22,77.0,49.87,222.5,87.94
2016-05-05 00:00:00-04:00,143.85,75.07,49.94,211.48,88.04
2016-05-06 00:00:00-04:00,144.63,75.01,50.39,214.92,88.53
2016-05-09 00:00:00-04:00,143.02,75.35,50.07,208.82,88.57
2016-05-10 00:00:00-04:00,144.82,76.37,51.02,208.67,89.98
2016-05-11 00:00:00-04:00,142.83,76.17,51.05,208.94,88.83
2016-05-12 00:00:00-04:00,143.32,77.33,51.51,207.2001,89.6799
2016-05-13 00:00:00-04:00,141.43,77.19,51.08,207.78,88.65
2016-05-16 00:00:00-04:00,141.79,77.21,51.83,208.23,89.56
2016-05-17 00:00:00-04:00,140.26,75.41,50.51,204.72,89.52
2016-05-18 00:00:00-04:00,141.43,75.03,50.81,211.16,89.33
2016-05-19 00:00:00-04:00,140.77,75.25,50.32,215.12,90.11
2016-05-20 00:00:00-04:00,141.79,74.29,50.63,220.33,89.73
2016-05-23 00:00:00-04:00,141.56,74.43,50.03,216.13,89.6
2016-05-24 00:00:00-04:00,143.69,74.65,51.59,217.81,89.69
2016-05-25 00:00:00-04:00,144.0,74.745,52.14,219.57,90.24
2016-05-26 00:00:00-04:00,143.07,75.35,51.89,225.21,89.8
2016-05-27 00:00:00-04:00,143.3,74.49,52.31,222.89,90.02
2016-05-31 00:00:00-04:00,141.25,74.37,53.0,223.14,88.97
2016-06-01 00:00:00-04:00,141.96,74.9,52.85,219.46,89.23
2016-06-02 00:00:00-04:00,142.06,74.54,52.48,218.96,88.5
2016-06-03 00:00:00-04:00,141.13,75.13,51.79,218.99,88.36
2016-06-06 00:00:00-04:00,141.84,74.52,52.14,220.69,89.33
2016-06-07 00:00:00-04:00,141.47,75.17,52.1,232.5,90.73
2016-06-08 00:00:00-04:00,142.51,76.06,52.04,235.51,90.78
2016-06-09 00:00:00-04:00,142.26,77.7,51.62,229.36,90.68
2016-06-10 00:00:00-04:00,141.79,78.14,51.49,218.8,90.0
2016-06-13 00:00:00-04:00,140.97,76.88,50.15,217.86,90.61
2016-06-14 00:00:00-04:00,141.37,76.89,49.82,214.95,90.43
2016-06-15 00:00:00-04:00,140.46,76.32,49.7,217.7,90.1899
2016-06-16 00:00:00-04:00,142.0,77.02,50.39,217.93,91.25
2016-06-17 00:00:00-04:00,140.74,76.76,50.12,215.48,90.75
2016-06-20 00:00:00-04:00,141.71,76.85,50.07,219.68,91.12
2016-06-21 00:00:00-04:00,143.53,77.3,51.19,219.6,91.5
2016-06-22 00:00:00-04:00,143.95,77.34,51.0,196.66,91.17
2016-06-23 00:00:00-04:00,145.97,77.83,51.9,196.3549,91.79
2016-06-24 00:00:00-04:00,139.71,77.19,49.76,193.15,89.41
2016-06-27 00:00:00-04:00,138.44,76.82,48.43,198.59,88.91
2016-06-28 00:00:00-04:00,140.28,76.15,49.44,201.74,90.91
2016-06-29 00:00:00-04:00,142.08,77.58,50.54,210.16,92.43
2016-06-30 00:00:00-04:00,144.78,81.66,51.17,212.27,93.74
2016-07-01 00:00:00-04:00,143.82,81.6,51.16,216.5,93.79
2016-07-05 00:00:00-04:00,142.08,82.27,51.16,213.96,92.98
2016-07-06 00:00:00-04:00,142.49,82.5,51.38,214.42,94.09
2016-07-07 00:00:00-04:00,141.85,82.2601,51.38,215.9,92.96
2016-07-08 00:00:00-04:00,143.55,82.62,52.3,216.78,93.5
2016-07-11 00:00:00-04:00,143.86,81.69,52.59,224.78,93.86
2016-07-12 00:00:00-04:00,144.68,81.52,53.21,224.69,94.9
2016-07-13 00:00:00-04:00,145.93,83.1,53.5111,222.51,94.86
2016-07-14 00:00:00-04:00,145.68,85.31,53.73,221.43,94.93
2016-07-15 00:00:00-04:00,145.94,86.0,53.69,220.39,95.06
2016-07-18 00:00:00-04:00,146.555,85.62,53.97,226.31,94.85
2016-07-19 00:00:00-04:00,146.93,86.98,53.0557,225.26,94.49
2016-07-20 00:00:00-04:00,146.15,82.19,55.9,228.1191,93.93
2016-07-21 00:00:00-04:00,144.31,82.47,55.81,220.35,93.83
2016-07-22 00:00:00-04:00,144.52,82.85,56.57,222.26,93.9999
2016-07-25 00:00:00-04:00,144.12,83.51,56.73,230.13,92.24
2016-07-26 00:00:00-04:00,144.28,82.83,56.76,229.4,91.54
2016-07-27 00:00:00-04:00,144.31,81.28,56.19,228.46,90.92
2016-07-28 00:00:00-04:00,144.41,81.79,56.21,230.38,90.16
2016-07-29 00:00:00-04:00,144.16,82.66,56.69,234.725,88.87
2016-08-01 00:00:00-04:00,143.89,82.35,56.58,229.63,85.92
2016-08-02 00:00:00-04:00,143.32,81.89,56.58,227.14,87.05
2016-08-03 00:00:00-04:00,143.54,81.04,56.96,225.58,87.46
2016-08-04 00:00:00-04:00,143.21,82.44,57.39,230.62,87.47
2016-08-05 00:00:00-04:00,145.52,82.725,57.95,229.99,87.52
2016-08-08 00:00:00-04:00,145.4499,82.92,58.06,226.17,88.55
2016-08-09 00:00:00-04:00,147.3,83.005,58.2,229.03,88.73
2016-08-10 00:00:00-04:00,146.73,82.95,58.02,225.64,86.41
2016-08-11 00:00:00-04:00,147.7,83.47,58.3,224.9,86.72
2016-08-12 00:00:00-04:00,147.64,83.53,57.94,225.6,87.8
2016-08-15 00:00:00-04:00,147.78,83.38,58.13,225.59,87.81
2016-08-16 00:00:00-04:00,147.29,82.46,57.43,223.71,87.94
2016-08-17 00:00:00-04:00,149.055,82.57,57.56,223.24,88.08
2016-08-18 00:00:00-04:00,148.75,83.02,57.6,223.52,88.89
2016-08-19 00:00:00-04:00,148.69,83.08,57.62,224.99,87.8
2016-08-22 00:00:00-04:00,148.47,83.055,57.66,222.99,88.01
2016-08-23 00:00:00-04:00,148.79,82.72,57.9,224.54,87.72
2016-08-24 00:00:00-04:00,148.48,82.36,57.97,222.71,88.03
2016-08-25 00:00:00-04:00,148.71,82.83,58.19,220.91,87.5
2016-08-26 00:00:00-04:00,148.01,82.37,58.04,220.0,87.29
2016-08-29 00:00:00-04:00,149.33,83.14,58.1,215.2,87.87
2016-08-30 00:00:00-04:00,150.22,81.81,57.89,211.34,87.54
2016-08-31 00:00:00-04:00,150.43,82.21,57.47,211.95,87.12
2016-09-01 00:00:00-04:00,150.281,81.68,57.59,200.77,86.82
2016-09-02 00:00:00-04:00,150.7101,82.43,57.67,197.78,87.4
2016-09-06 00:00:00-04:00,150.415,82.55,57.6,202.82,88.6
2016-09-07 00:00:00-04:00,149.58,80.8,57.65,201.7,88.23
2016-09-08 00:00:00-04:00,149.72,79.98,57.42,197.49,89.05
2016-09-09 00:00:00-04:00,146.66,77.13,56.22,194.47,86.845
2016-09-12 00:00:00-04:00,149.0,79.14,57.05,198.28,87.29
2016-09-13 00:00:00-04:00,146.17,78.14,56.53,196.05,85.21
2016-09-14 00:00:00-04:00,145.839,78.08,56.26,196.49,84.58
2016-09-15 00:00:00-04:00,146.65,78.25,57.19,200.24,85.07
2016-09-16 00:00:00-04:00,145.06,78.01,57.24,205.4,84.02
2016-09-19 00:00:00-04:00,145.25,78.16,56.93,206.34,83.83
2016-09-20 00:00:00-04:00,144.92,77.28,56.82,204.52,82.55
2016-09-21 00:00:00-04:00,146.45,77.57,57.75,205.2,83.28
2016-09-22 00:00:00-04:00,146.46,78.22,57.79,206.28,83.52
2016-09-23 00:00:00-04:00,145.03,77.72,57.44,207.45,83.47
2016-09-26 00:00:00-04:00,144.23,77.42,56.92,209.03,83.07
2016-09-27 00:00:00-04:00,145.29,77.39,57.97,205.89,83.23
2016-09-28 00:00:00-04:00,145.25,77.82,58.01,206.27,86.93
2016-09-29 00:00:00-04:00,143.5274,77.26,57.4,200.7,86.47
2016-09-30 00:00:00-04:00,144.41,77.46,57.59,204.01,87.29
2016-10-03 00:00:00-04:00,143.68,77.21,57.41,213.6575,87.03
2016-10-04 00:00:00-04:00,143.15,76.15,57.24,211.4,86.2758
2016-10-05 00:00:00-04:00,144.1,76.18,57.64,208.45,86.98
2016-10-06 00:00:00-04:00,143.87,75.96,57.74,201.09,87.06
2016-10-07 00:00:00-04:00,144.54,76.345,57.79,196.59,86.73
2016-10-10 00:00:00-04:00,145.21,76.47,58.05,200.92,88.44
2016-10-11 00:00:00-04:00,143.99,76.05,57.18,200.06,87.76
2016-10-12 00:00:00-04:00,144.97,76.46,57.11,201.5,87.12
2016-10-13 00:00:00-04:00,143.2,75.79,56.92,200.215,86.6
2016-10-14 00:00:00-04:00,144.2,75.5,57.43,196.51,86.55
2016-10-17 00:00:00-04:00,143.77,74.99,57.21,194.08,86.53
2016-10-18 00:00:00-04:00,144.27,75.35,57.65,199.1,86.76
2016-10-19 00:00:00-04:00,144.89,74.94,57.56,203.66,87.2
2016-10-20 00:00:00-04:00,144.5,74.23,57.24,199.12,87.2
2016-10-21 00:00:00-04:00,143.62,74.34,59.68,200.09,86.62
2016-10-24 00:00:00-04:00,143.69,74.24,60.99,202.76,86.9
2016-10-25 00:00:00-04:00,143.45,74.23,61.01,202.37,86.74
2016-10-26 00:00:00-04:00,143.95,74.07,60.63,202.34,87.1
2016-10-27 00:00:00-04:00,144.46,74.17,60.11,204.01,86.93
2016-10-28 00:00:00-04:00,144.05,74.65,59.87,200.08,84.78
2016-10-31 00:00:00-04:00,144.29,75.14,59.93,197.72,83.31
2016-11-01 00:00:00-04:00,143.59,75.23,59.8,190.82,83.69
2016-11-02 00:00:00-04:00,143.22,75.09,59.43,188.03,83.46
2016-11-03 00:00:00-04:00,143.6901,73.96,59.2,187.42,83.66
2016-11-04 00:00:00-04:00,142.98,73.68,58.71,190.56,83.6
2016-11-07 00:00:00-05:00,146.9,74.945,60.42,193.19,85.44
2016-11-08 00:00:00-05:00,147.79,76.96,60.47,194.93,85.33
2016-11-09 00:00:00-05:00,151.29,74.86,60.17,190.07,86.24
2016-11-10 00:00:00-05:00,156.24,72.65,58.71,185.35,87.07
2016-11-11 00:00:00-05:00,156.82,72.465,59.02,188.57,85.64
2016-11-14 00:00:00-05:00,158.07,72.53,58.12,181.42,85.285
2016-11-15 00:00:00-05:00,157.52,73.39,58.87,183.77,86.81
2016-11-16 00:00:00-05:00,157.06,73.25,59.64,183.93,85.74
2016-11-17 00:00:00-05:00,158.38,73.45,60.64,188.73,85.22
2016-11-18 00:00:00-05:00,157.8,73.06,60.37,185.02,85.27
2016-11-21 00:00:00-05:00,158.71,73.38,60.87,184.7,86.49
2016-11-22 00:00:00-05:00,158.61,74.5,61.11,191.16,86.67
2016-11-23 00:00:00-05:00,158.05,73.39,60.4,193.2013,86.92
2016-11-25 00:00:00-05:00,158.08,74.16,60.53,196.5455,87.1089
2016-11-28 00:00:00-05:00,156.99,73.88,60.63,196.12,86.49
2016-11-29 00:00:00-05:00,157.74,73.61,61.11,189.57,85.92
2016-11-30 00:00:00-05:00,157.53,72.0,60.26,189.39,87.31
2016-12-01 00:00:00-05:00,160.17,70.95,59.18,181.87,87.25
2016-12-02 00:00:00-05:00,159.41,71.17,59.26,181.45,87.05
2016-12-05 00:00:00-05:00,160.175,71.66,60.21,186.71,87.42
2016-12-06 00:00:00-05:00,161.3,71.97,59.95,185.83,87.56
2016-12-07 00:00:00-05:00,164.38,72.65,61.36,193.14,88.03
2016-12-08 00:00:00-05:00,164.01,72.08,61.0,192.28,88.312
2016-12-09 00:00:00-05:00,164.86,73.11,61.98,192.18,89.0
2016-12-12 00:00:00-05:00,166.12,73.795,62.17,192.42,90.99
2016-12-13 00:00:00-05:00,166.58,73.95,62.98,198.15,92.58
2016-12-14 00:00:00-05:00,165.03,73.12,62.69,198.69,90.59
2016-12-15 00:00:00-05:00,165.64,73.41,62.57,197.58,90.87
2016-12-16 00:00:00-05:00,164.68,73.28,62.3,202.49,91.15
2016-12-19 00:00:00-05:00,165.38,72.92,63.62,202.73,90.42
2016-12-20 00:00:00-05:00,166.32,73.25,63.54,208.77,90.43
2016-12-21 00:00:00-05:00,165.88,73.16,63.55,207.71,90.32
2016-12-22 00:00:00-05:00,165.99,73.66,63.55,208.44,90.86
2016-12-23 00:00:00-05:00,165.2201,73.57,63.24,213.35,90.7
2016-12-27 00:00:00-05:00,164.91,73.85,63.27,219.53,90.74
2016-12-28 00:00:00-05:00,163.67,73.44,62.99,219.73,90.31
2016-12-29 00:00:00-05:00,163.1,73.97,62.9,214.65,90.32
2016-12-30 00:00:00-05:00,163.05,73.72,62.15,213.72,90.27
2017-01-03 00:00:00-05:00,163.78,73.38,62.57,216.98,90.88
2017-01-04 00:00:00-05:00,164.01,73.19,62.3,226.98,89.88
2017-01-05 00:00:00-05:00,163.31,73.12,62.3,226.75,88.54
2017-01-06 00:00:00-05:00,163.51,73.14,62.84,229.01,88.52
2017-01-09 00:00:00-05:00,162.19,72.14,62.65,231.25,87.08
2017-01-10 00:00:00-05:00,161.5,71.7,62.62,229.75,85.95
2017-01-11 00:00:00-05:00,162.22,71.88,63.16,229.74,86.79
2017-01-12 00:00:00-05:00,161.36,71.92,62.61,229.58,86.34
2017-01-13 00:00:00-05:00,161.87,71.39,62.685,237.75,86.35
2017-01-17 00:00:00-05:00,159.56,72.03,62.52,235.75,87.35
2017-01-18 00:00:00-05:00,160.51,71.98,62.49,238.35,86.28
2017-01-19 00:00:00-05:00,159.41,71.78,62.29,243.76,84.71
2017-01-20 00:00:00-05:00,160.22,72.2,62.73,244.67,85.88
2017-01-23 00:00:00-05:00,158.83,72.28,62.98,248.92,85.0
2017-01-24 00:00:00-05:00,160.72,72.595,63.52,254.59,85.1
2017-01-25 00:00:00-05:00,164.32,72.3,63.68,254.35,85.37
2017-01-26 00:00:00-05:00,164.92,72.08,64.28,252.49,85.6
2017-01-27 00:00:00-05:00,164.41,73.0,65.78,252.96,85.49
2017-01-30 00:00:00-05:00,164.74,72.67,65.12,250.62,84.81
2017-01-31 00:00:00-05:00,164.14,72.72,64.65,251.99,83.89
2017-02-01 00:00:00-05:00,163.53,71.88,63.57,249.23,82.95
2017-02-02 00:00:00-05:00,162.96,72.79,63.13,251.54,83.45
2017-02-03 00:00:00-05:00,163.92,73.36,63.67,251.33,83.53
2017-02-06 00:00:00-05:00,163.35,72.34,63.63,257.77,83.31
2017-02-07 00:00:00-05:00,162.85,72.85,63.42,257.46,82.73
2017-02-08 00:00:00-05:00,162.8,73.49,63.33,261.98,81.48
2017-02-09 00:00:00-05:00,164.05,76.43,64.05,269.2,81.83
2017-02-10 00:00:00-05:00,164.04,76.02,64.0,269.19,82.52
2017-02-13 00:00:00-05:00,165.86,75.6,64.71,280.6,83.01
2017-02-14 00:00:00-05:00,166.91,75.94,64.57,280.7657,82.82
2017-02-15 00:00:00-05:00,167.26,76.04,64.53,279.71,83.145
2017-02-16 00:00:00-05:00,167.7,74.72,64.51,268.95,82.29
2017-02-17 00:00:00-05:00,168.53,72.89,64.61,272.23,81.72
2017-02-21 00:00:00-05:00,168.82,74.74,64.46,277.38,81.88
2017-02-22 00:00:00-05:00,169.54,74.49,64.36,273.49,80.92
2017-02-23 00:00:00-05:00,170.1,74.82,64.62,256.0,81.77
2017-02-24 00:00:00-05:00,170.12,75.22,64.62,257.0,81.06
2017-02-27 00:00:00-05:00,170.59,73.87,64.22,246.15,81.55
2017-02-28 00:00:00-05:00,171.65,74.07,63.98,249.99,81.32
2017-03-01 00:00:00-05:00,177.25,74.84,64.93,250.01,83.01
2017-03-02 00:00:00-05:00,175.82,75.01,64.0,250.47,83.3
2017-03-03 00:00:00-05:00,175.51,74.47,64.23,251.55,82.46
2017-03-06 00:00:00-05:00,175.45,74.21,64.27,251.29,82.82
2017-03-07 00:00:00-05:00,175.28,74.15,64.4,248.64,82.51
2017-03-08 00:00:00-05:00,175.03,73.86,64.99,246.83,81.03
2017-03-09 00:00:00-05:00,175.37,74.1,64.74,244.9,81.68
2017-03-10 00:00:00-05:00,175.12,74.205,64.95,243.69,81.63
2017-03-13 00:00:00-04:00,175.5,74.14,64.71,246.16,81.43
2017-03-14 00:00:00-04:00,174.71,74.22,64.39,258.05,81.0
2017-03-15 00:00:00-04:00,174.63,74.74,64.73,255.77,82.0
2017-03-16 00:00:00-04:00,173.96,74.75,64.64,262.08,82.06
2017-03-17 00:00:00-04:00,172.69,75.07,64.85,261.29,81.98
2017-03-20 00:00:00-04:00,172.04,75.12,64.93,261.92,82.0
2017-03-21 00:00:00-04:00,169.47,73.58,64.21,250.68,81.82
2017-03-22 00:00:00-04:00,169.22,72.7,65.05,255.02,81.77
2017-03-23 00:00:00-04:00,169.845,73.11,64.87,254.78,81.85
2017-03-24 00:00:00-04:00,168.72,72.99,64.99,263.16,81.26
2017-03-27 00:00:00-04:00,167.41,72.56,65.1,270.22,81.24
2017-03-28 00:00:00-04:00,168.35,72.675,65.29,277.41,81.85
2017-03-29 00:00:00-04:00,166.54,73.08,65.48,277.37,82.03
2017-03-30 00:00:00-04:00,167.37,72.54,65.71,277.78,83.68
2017-03-31 00:00:00-04:00,166.59,72.61,65.87,278.31,82.0
2017-04-03 00:00:00-04:00,166.86,72.4,65.55,298.52,82.08
2017-04-04 00:00:00-04:00,166.82,72.26,65.73,303.68,82.35
2017-04-05 00:00:00-04:00,165.74,72.74,65.56,295.0,82.53
2017-04-06 00:00:00-04:00,166.52,72.42,65.73,298.69,83.02
2017-04-07 00:00:00-04:00,166.13,72.61,65.69,302.54,82.78
2017-04-10 00:00:00-04:00,166.29,72.265,65.53,312.39,83.12
2017-04-11 00:00:00-04:00,165.67,72.15,65.5,308.67,82.85
2017-04-12 00:00:00-04:00,164.99,72.32,65.22,296.84,82.96
2017-04-13 00:00:00-04:00,162.9,71.935,64.96,304.28,81.7
2017-04-17 00:00:00-04:00,164.41,72.305,65.47,301.38,81.59
2017-04-18 00:00:00-04:00,163.65,72.98,65.39,300.26,81.05
2017-04-19 00:00:00-04:00,162.72,72.66,65.03,305.54,80.47
2017-04-20 00:00:00-04:00,164.98,72.785,65.5,302.51,81.06
2017-04-21 00:00:00-04:00,163.45,72.42,66.41,305.6,80.69
2017-04-24 00:00:00-04:00,165.73,72.78,67.53,307.93,81.1
2017-04-25 00:00:00-04:00,167.5,72.36,67.92,313.8,81.73
2017-04-26 00:00:00-04:00,167.64,71.52,67.82,310.17,81.41
2017-04-27 00:00:00-04:00,166.69,70.97,68.29,308.65,81.28
2017-04-28 00:00:00-04:00,165.13,71.01,68.46,314.0,81.625
2017-05-01 00:00:00-04:00,165.57,70.16,69.43,322.84,82.15
2017-05-02 00:00:00-04:00,166.0,69.02,69.3,318.9,82.0
2017-05-03 00:00:00-04:00,166.66,68.94,69.08,310.78,82.655
2017-05-04 00:00:00-04:00,166.35,70.39,68.81,295.36,81.64
2017-05-05 00:00:00-04:00,166.55,70.69,68.99,308.35,82.02
2017-05-08 00:00:00-04:00,164.58,72.7,68.94,307.2,82.88
2017-05-09 00:00:00-04:00,163.42,70.88,69.03,321.27,82.31
2017-05-10 00:00:00-04:00,163.79,71.06,69.31,325.22,81.88
2017-05-11 00:00:00-04:00,163.3,70.68,68.46,323.07,82.62
2017-05-12 00:00:00-04:00,163.2,70.83,68.38,324.81,82.53
2017-05-15 00:00:00-04:00,163.775,71.01,68.43,315.88,82.81
2017-05-16 00:00:00-04:00,163.59,70.34,69.41,317.01,82.53
2017-05-17 00:00:00-04:00,161.62,70.54,67.45,306.0,82.02
2017-05-18 00:00:00-04:00,161.64,70.06,67.72,313.0599,81.76
2017-05-19 00:00:00-04:00,163.16,71.02,67.69,310.74,81.94
2017-05-22 00:00:00-04:00,165.13,71.31,68.45,310.3,82.26
2017-05-23 00:00:00-04:00,165.47,71.62,68.69,303.86,82.6
2017-05-24 00:00:00-04:00,164.85,72.54,68.77,310.22,82.29
2017-05-25 00:00:00-04:00,165.28,72.68,69.62,316.83,81.75
2017-05-26 00:00:00-04:00,165.6,72.615,69.96,325.05,81.53
2017-05-30 00:00:00-04:00,165.11,71.7,70.41,335.12,81.11
2017-05-31 00:00:00-04:00,165.27,71.6,69.87,341.01,80.51
2017-06-01 00:00:00-04:00,166.66,72.93,70.12,340.29,80.7
2017-06-02 00:00:00-04:00,166.18,72.96,71.75,339.85,79.43
2017-06-05 00:00:00-04:00,166.58,72.95,72.28,347.32,80.12
2017-06-06 00:00:00-04:00,166.14,72.87,72.52,352.8,81.22
2017-06-07 00:00:00-04:00,166.43,73.135,72.39,359.55,80.91
2017-06-08 00:00:00-04:00,166.905,72.26,71.93,370.01,80.62
2017-06-09 00:00:00-04:00,169.96,72.68,70.32,357.45,82.1
2017-06-12 00:00:00-04:00,170.54,73.05,69.78,358.99,82.935
2017-06-13 00:00:00-04:00,171.45,73.29,70.65,375.95,82.96
2017-06-14 00:00:00-04:00,171.39,73.48,70.27,380.6599,82.08
2017-06-15 00:00:00-04:00,170.49,73.1,69.9,375.34,82.25
2017-06-16 00:00:00-04:00,170.53,71.89,69.99,371.4,83.45
2017-06-19 00:00:00-04:00,171.42,71.75,70.87,369.8,82.74
2017-06-20 00:00:00-04:00,170.61,71.08,69.9,372.24,82.32
2017-06-21 00:00:00-04:00,169.68,70.48,70.27,376.4,81.46
2017-06-22 00:00:00-04:00,168.39,70.405,70.26,382.61,81.089
2017-06-23 00:00:00-04:00,167.16,70.56,71.23,383.23,81.595
2017-06-26 00:00:00-04:00,167.47,70.98,70.52,377.47,81.24
2017-06-27 00:00:00-04:00,167.44,69.33,69.21,362.36,81.13
2017-06-28 00:00:00-04:00,169.78,69.53,69.8,371.01,81.53
2017-06-29 00:00:00-04:00,169.36,68.68,68.5,360.8899,80.65
2017-06-30 00:00:00-04:00,169.44,69.46,68.94,361.73,80.72
2017-07-03 00:00:00-04:00,171.62,68.75,68.16,352.52,82.1
2017-07-05 00:00:00-04:00,171.81,67.7,69.09,327.0,80.84
2017-07-06 00:00:00-04:00,170.27,66.55,68.58,308.72,80.12
2017-07-07 00:00:00-04:00,171.1,66.54,69.45,313.15,80.21
2017-07-10 00:00:00-04:00,170.13,65.88,69.98,315.97,80.2
2017-07-11 00:00:00-04:00,169.23,65.36,70.0,327.19,80.62
2017-07-12 00:00:00-04:00,169.97,65.74,71.15,329.4,81.0
2017-07-13 00:00:00-04:00,169.76,66.02,71.77,323.29,81.015
2017-07-14 00:00:00-04:00,169.5,66.37,72.77,327.67,81.26
2017-07-17 00:00:00-04:00,170.08,66.76,73.35,319.4,80.865
2017-07-18 00:00:00-04:00,170.39,66.26,73.29,328.22,80.59
2017-07-19 00:00:00-04:00,171.14,66.35,73.85,325.25,80.82
2017-07-20 00:00:00-04:00,171.47,66.76,74.25,329.8,80.88
2017-07-21 00:00:00-04:00,171.29,67.23,73.75,328.24,80.13
2017-07-24 00:00:00-04:00,171.79,66.83,73.61,342.14,79.9
2017-07-25 00:00:00-04:00,172.97,67.58,74.199,339.58,80.28
2017-07-26 00:00:00-04:00,173.05,67.32,74.05,343.75,80.39
2017-07-27 00:00:00-04:00,173.02,67.7,73.15,334.4,80.87
2017-07-28 00:00:00-04:00,173.99,67.66,73.03,334.88,79.6
2017-07-31 00:00:00-04:00,175.07,67.98,72.72,323.34,80.04
2017-08-01 00:00:00-04:00,176.29,67.5,72.55,319.55,80.15
2017-08-02 00:00:00-04:00,177.79,67.47,72.245,325.83,80.59
2017-08-03 00:00:00-04:00,178.94,70.37,72.14,347.0772,80.46
2017-08-04 00:00:00-04:00,179.79,69.61,72.66,357.0026,80.17
2017-08-07 00:00:00-04:00,178.0,70.09,72.4,355.17,80.16
2017-08-08 00:00:00-04:00,176.44,69.2,72.78,365.27,79.96
2017-08-09 00:00:00-04:00,178.04,69.04,72.45,363.64,80.2
2017-08-10 00:00:00-04:00,176.35,68.72,71.42,355.4,78.98
2017-08-11 00:00:00-04:00,175.4,68.81,72.51,357.87,78.24
2017-08-14 00:00:00-04:00,177.2,69.85,73.59,363.8,78.222
2017-08-15 00:00:00-04:00,177.55,69.83,73.23,362.23,78.08
2017-08-16 00:00:00-04:00,178.59,70.08,73.66,362.91,77.47
2017-08-17 00:00:00-04:00,177.21,70.12,72.41,351.85,76.28
2017-08-18 00:00:00-04:00,177.52,69.95,72.5,347.51,76.64
2017-08-21 00:00:00-04:00,178.28,70.2,72.14,337.87,76.36
2017-08-22 00:00:00-04:00,180.44,70.02,73.15,341.27,76.75
2017-08-23 00:00:00-04:00,179.85,69.92,72.73,352.75,76.61
2017-08-24 00:00:00-04:00,178.38,67.9,72.7,352.94,76.32
2017-08-25 00:00:00-04:00,179.69,67.72,72.83,347.99,76.74
2017-08-28 00:00:00-04:00,178.66,66.77,72.83,345.66,76.45
2017-08-29 00:00:00-04:00,178.6,66.3,73.06,347.24,76.43
2017-08-30 00:00:00-04:00,180.26,66.05,74.0,353.13,76.0863
2017-08-31 00:00:00-04:00,181.05,65.46,74.78,355.89,76.32
2017-09-01 00:00:00-04:00,180.69,65.43,73.92,355.22,76.52
2017-09-05 00:00:00-04:00,177.0,66.41,73.63,349.5,77.19
2017-09-06 00:00:00-04:00,176.89,67.83,73.4,344.66,78.84
2017-09-07 00:00:00-04:00,173.98,67.76,74.36,350.61,79.02
2017-09-08 00:00:00-04:00,175.54,68.48,74.0,343.3,78.8
2017-09-11 00:00:00-04:00,177.91,68.79,74.74,363.68,79.235
2017-09-12 00:00:00-04:00,178.69,68.47,74.67,362.71,79.49
2017-09-13 00:00:00-04:00,178.86,67.99,75.2,366.0601,79.73
2017-09-14 00:00:00-04:00,178.76,67.62,74.77,377.44,80.13
2017-09-15 00:00:00-04:00,180.02,68.32,75.29,379.81,80.04
2017-09-18 00:00:00-04:00,181.46,68.62,75.16,384.61,80.11
2017-09-19 00:00:00-04:00,182.99,65.87,75.44,374.82,80.2
2017-09-20 00:00:00-04:00,183.8,64.725,74.92,373.9,80.51
2017-09-21 00:00:00-04:00,183.18,63.93,74.22,366.43,79.9
2017-09-22 00:00:00-04:00,181.82,63.33,74.36,351.0,79.9
2017-09-25 00:00:00-04:00,182.47,64.0,73.27,344.88,80.97
2017-09-26 00:00:00-04:00,182.0,63.43,73.3,345.25,80.89
2017-09-27 00:00:00-04:00,183.26,63.05,73.85,340.99,81.43
2017-09-28 00:00:00-04:00,183.13,62.81,73.86,339.52,82.2
2017-09-29 00:00:00-04:00,183.17,62.35,74.45,341.02,81.98
2017-10-02 00:00:00-04:00,185.39,62.72,74.6,341.45,81.65
2017-10-03 00:00:00-04:00,185.75,62.03,74.27,348.14,81.73
2017-10-04 00:00:00-04:00,185.83,62.43,74.68,354.9887,81.78
2017-10-05 00:00:00-04:00,187.11,62.72,75.97,355.14,82.07
2017-10-06 00:00:00-04:00,187.36,62.41,75.99,356.834,81.7
2017-10-09 00:00:00-04:00,187.48,61.04,76.3,342.84,82.01
2017-10-10 00:00:00-04:00,188.01,61.47,76.31,355.6,82.26
2017-10-11 00:00:00-04:00,187.43,61.25,76.41,354.6,82.63
2017-10-12 00:00:00-04:00,186.21,62.39,77.13,355.65,82.41
2017-10-13 00:00:00-04:00,187.36,61.95,77.5,355.49,82.43
2017-10-16 00:00:00-04:00,187.985,61.91,77.66,350.46,82.8
2017-10-17 00:00:00-04:00,187.41,61.76,77.57,355.73,82.95
2017-10-18 00:00:00-04:00,187.83,61.79,77.64,359.72,82.76
2017-10-19 00:00:00-04:00,187.19,61.72,77.92,351.81,82.75
2017-10-20 00:00:00-04:00,188.97,61.46,78.8,345.1,83.1
2017-10-23 00:00:00-04:00,189.44,61.57,78.85,337.06,83.27
2017-10-24 00:00:00-04:00,189.79,61.2,78.86,337.33,83.49
2017-10-25 00:00:00-04:00,188.71,60.545,78.64,325.76,83.17
2017-10-26 00:00:00-04:00,188.59,60.54,78.75,326.1,83.45
2017-10-27 00:00:00-04:00,188.6,60.26,83.82,320.8726,83.66
2017-10-30 00:00:00-04:00,187.87,58.85,83.84,320.035,83.53
2017-10-31 00:00:00-04:00,186.89,62.53,83.18,331.52,83.36
2017-11-01 00:00:00-04:00,187.15,63.01,83.16,321.1,83.87
2017-11-02 00:00:00-04:00,188.74,62.36,84.06,299.24,83.53
2017-11-03 00:00:00-04:00,187.25,61.96,84.13,306.09,83.19
2017-11-06 00:00:00-05:00,186.69,60.2,84.48,302.7,83.76
2017-11-07 00:00:00-05:00,186.26,60.83,84.26,306.03,83.57
2017-11-08 00:00:00-05:00,184.57,62.82,84.57,304.31,83.46
2017-11-09 00:00:00-05:00,184.49,63.3,84.09,302.98,83.97
2017-11-10 00:00:00-05:00,183.71,64.69,83.86,302.92,82.97
2017-11-13 00:00:00-05:00,184.39,63.74,83.93,315.4,82.89
2017-11-14 00:00:00-05:00,183.34,65.17,84.05,308.7,82.24
2017-11-15 00:00:00-05:00,181.92,63.73,82.99,311.25,81.22
2017-11-16 00:00:00-05:00,182.05,65.27,83.19,312.5,80.55
2017-11-17 00:00:00-05:00,181.0,65.37,82.37,314.97,80.24
2017-11-20 00:00:00-05:00,181.7,65.57,82.54,308.72,80.55
2017-11-21 00:00:00-05:00,183.25,64.33,83.73,317.8,80.89
2017-11-22 00:00:00-05:00,182.51,64.7,83.09,312.63,81.08
2017-11-24 00:00:00-05:00,182.42,64.93,83.27,315.54,81.42
2017-11-27 00:00:00-05:00,183.55,65.07,83.86,316.74,81.12
2017-11-28 00:00:00-05:00,187.54,65.94,84.88,317.61,81.68
2017-11-29 00:00:00-05:00,189.84,66.79,83.335,307.55,82.26
2017-11-30 00:00:00-05:00,192.88,66.17,84.09,308.95,83.27
2017-12-01 00:00:00-05:00,194.5,66.0,84.26,306.53,83.44
2017-12-04 00:00:00-05:00,196.87,67.54,81.07,305.23,83.51
2017-12-05 00:00:00-05:00,196.06,67.96,81.59,303.7,82.89
2017-12-06 00:00:00-05:00,196.08,68.14,82.79,313.27,82.3
2017-12-07 00:00:00-05:00,196.3,67.27,82.49,311.26,82.58
2017-12-08 00:00:00-05:00,196.4,66.52,84.16,315.06,82.65
2017-12-11 00:00:00-05:00,196.66,66.55,85.22,328.9,83.03
2017-12-12 00:00:00-05:00,199.09,65.96,85.62,340.94,82.77
2017-12-13 00:00:00-05:00,197.47,65.85,85.35,339.03,83.17
2017-12-14 00:00:00-05:00,196.66,65.05,84.72,337.88,82.93
2017-12-15 00:00:00-05:00,197.57,65.0,86.82,343.43,82.99
2017-12-18 00:00:00-05:00,199.54,65.64,86.44,338.81,82.95
2017-12-19 00:00:00-05:00,197.82,65.47,85.83,330.99,82.43
2017-12-20 00:00:00-05:00,197.82,66.87,85.59,328.903,82.87
2017-12-21 00:00:00-05:00,198.91,67.65,85.57,331.6,83.87
2017-12-22 00:00:00-05:00,197.99,68.09,85.58,325.19,83.97
2017-12-26 00:00:00-05:00,197.55,68.15,85.4,317.29,83.97
2017-12-27 00:00:00-05:00,198.65,68.29,85.69,311.63,83.88
2017-12-28 00:00:00-05:00,199.46,68.02,85.7,315.36,83.99
2017-12-29 00:00:00-05:00,198.68,68.0,85.59,311.4,83.8
2018-01-02 00:00:00-05:00,197.23,67.99,85.91,320.29,85.0457
2018-01-03 00:00:00-05:00,199.76,67.66,86.33,317.01,86.7
2018-01-04 00:00:00-05:00,200.63,68.72,87.12,314.62,86.81
2018-01-05 00:00:00-05:00,201.17,68.93,88.11,316.55,86.69
2018-01-08 00:00:00-05:00,202.74,69.15,88.22,336.41,87.08
2018-01-09 00:00:00-05:00,203.07,68.77,88.23,333.69,86.81
2018-01-10 00:00:00-05:00,205.56,67.02,87.81,334.72,86.07
2018-01-11 00:00:00-05:00,206.67,65.97,88.06,337.93,86.91
2018-01-12 00:00:00-05:00,210.2,64.7,89.59,336.22,87.51
2018-01-16 00:00:00-05:00,210.41,65.94,88.38,340.04,86.93
2018-01-17 00:00:00-05:00,214.21,66.5,90.15,347.1,88.02
2018-01-18 00:00:00-05:00,213.26,65.81,90.12,344.51,87.44
2018-01-19 00:00:00-05:00,213.26,66.62,90.0,349.965,87.14
2018-01-22 00:00:00-05:00,215.95,67.17,91.61,351.6,88.29
2018-01-23 00:00:00-05:00,215.69,66.95,91.89,352.8,88.31
2018-01-24 00:00:00-05:00,215.73,67.33,91.84,345.92,88.57
2018-01-25 00:00:00-05:00,215.2,67.92,92.32,337.55,88.39
2018-01-26 00:00:00-05:00,217.13,68.34,94.04,342.7001,88.98
2018-01-29 00:00:00-05:00,215.45,67.76,93.87,349.339,88.02
2018-01-30 00:00:00-05:00,214.31,67.94,92.77,345.82,86.79
2018-01-31 00:00:00-05:00,214.57,68.1,95.2,354.46,87.32
2018-02-01 00:00:00-05:00,217.32,68.31,94.24,349.25,89.11
2018-02-02 00:00:00-05:00,208.52,65.45,91.76,343.75,84.29
2018-02-05 00:00:00-05:00,196.65,64.09,88.0,333.15,79.72
2018-02-06 00:00:00-05:00,201.37,65.16,91.34,333.97,78.35
2018-02-07 00:00:00-05:00,200.14,64.24,89.58,344.77,76.93
2018-02-08 00:00:00-05:00,191.33,65.99,84.99,315.45,76.0399
2018-02-09 00:00:00-05:00,195.99,67.36,88.15,310.42,75.8
2018-02-12 00:00:00-05:00,198.79,67.07,89.15,315.71,76.37
2018-02-13 00:00:00-05:00,198.0,67.5,89.781,323.5,76.31
2018-02-14 00:00:00-05:00,200.61,67.76,90.83,322.2229,76.46
2018-02-15 00:00:00-05:00,203.89,69.82,92.72,334.12,76.22
2018-02-16 00:00:00-05:00,203.87,69.66,91.93,335.49,76.55
2018-02-20 00:00:00-05:00,202.94,69.66,92.72,334.76,75.73
2018-02-21 00:00:00-05:00,201.02,68.3,91.5,333.38,74.9
2018-02-22 00:00:00-05:00,200.66,68.25,91.74,346.32,75.87
2018-02-23 00:00:00-05:00,202.88,68.54,94.07,352.04,77.54
2018-02-26 00:00:00-05:00,210.77,68.95,95.43,357.35,78.87
2018-02-27 00:00:00-05:00,209.68,67.11,94.21,350.97,77.52
2018-02-28 00:00:00-05:00,207.04,66.19,93.77,343.1,75.7
2018-03-01 00:00:00-05:00,201.43,66.89,92.84,330.93,75.15
2018-03-02 00:00:00-05:00,201.27,67.68,93.04,335.12,75.55
2018-03-05 00:00:00-05:00,203.26,69.15,93.64,333.3,76.27
2018-03-06 00:00:00-05:00,204.51,69.85,93.32,328.22,76.19
2018-03-07 00:00:00-05:00,204.3448,69.31,93.86,332.32,74.28
2018-03-08 00:00:00-05:00,205.25,69.63,94.43,328.92,74.13
2018-03-09 00:00:00-05:00,212.92,70.25,96.54,327.22,74.54
2018-03-12 00:00:00-04:00,212.0,69.84,96.76,345.41,75.25
2018-03-13 00:00:00-04:00,209.17,69.64,94.42,341.84,74.53
2018-03-14 00:00:00-04:00,207.0,69.01,93.85,326.65,73.64
2018-03-15 00:00:00-04:00,207.82,66.99,94.18,325.6,74.43
2018-03-16 00:00:00-04:00,206.59,66.37,94.49,321.3,74.93
2018-03-19 00:00:00-04:00,203.93,66.36,92.96,313.57,74.17
2018-03-20 00:00:00-04:00,204.8,66.24,93.14,310.55,74.0
2018-03-21 00:00:00-04:00,204.85,63.68,92.48,316.53,75.02
2018-03-22 00:00:00-04:00,197.64,63.37,89.8,309.0766,73.5
2018-03-23 00:00:00-04:00,192.35,62.96,87.13,301.55,72.89
2018-03-26 00:00:00-04:00,199.32,64.14,93.77,304.15,74.02
2018-03-27 00:00:00-04:00,196.12,64.39,89.48,279.22,73.69
2018-03-28 00:00:00-04:00,196.58,63.89,89.38,257.79,72.83
2018-03-29 00:00:00-04:00,199.51,65.0,91.25,266.14,74.62
2018-04-02 00:00:00-04:00,194.95,63.13,88.67,252.52,73.2
2018-04-03 00:00:00-04:00,197.95,63.36,89.72,267.53,75.01
2018-04-04 00:00:00-04:00,200.11,64.92,92.27,286.97,74.89
2018-04-05 00:00:00-04:00,200.82,64.56,92.38,305.71,76.01
2018-04-06 00:00:00-04:00,195.49,64.22,90.22,299.58,74.87
2018-04-09 00:00:00-04:00,195.42,64.47,90.78,289.7105,74.89
2018-04-10 00:00:00-04:00,197.88,63.62,92.89,304.7,77.07
2018-04-11 00:00:00-04:00,195.26,63.35,91.87,301.02,77.42
2018-04-12 00:00:00-04:00,198.16,62.625,93.6,294.06,77.2399
2018-04-13 00:00:00-04:00,197.0,63.049,93.08,300.3,77.84
2018-04-16 00:00:00-04:00,198.26,63.83,94.17,291.26,78.54
2018-04-17 00:00:00-04:00,199.26,63.78,96.06,287.69,78.33
2018-04-18 00:00:00-04:00,199.49,63.4,96.45,293.35,79.23
2018-04-19 00:00:00-04:00,200.38,62.19,96.1,300.09,79.41
2018-04-20 00:00:00-04:00,200.1,60.27,95.0,290.24,79.0
2018-04-23 00:00:00-04:00,199.41,60.51,95.36,283.34,79.56
2018-04-24 00:00:00-04:00,196.77,60.46,93.08,283.69,78.35
2018-04-25 00:00:00-04:00,196.73,60.97,92.44,280.79,79.5
2018-04-26 00:00:00-04:00,196.97,60.1,94.27,285.49,80.85
2018-04-27 00:00:00-04:00,197.2,60.24,95.82,294.1499,77.7608
2018-04-30 00:00:00-04:00,193.62,58.89,93.52,293.9,77.78
2018-05-01 00:00:00-04:00,195.07,58.67,94.98,299.32,76.91
2018-05-02 00:00:00-04:00,193.32,56.65,93.51,301.22,76.77
2018-05-03 00:00:00-04:00,191.54,58.15,94.07,284.44,76.535
2018-05-04 00:00:00-04:00,195.83,59.8,95.16,293.98,76.9
2018-05-07 00:00:00-04:00,197.12,60.49,96.24,302.75,77.71
2018-05-08 00:00:00-04:00,196.22,60.29,95.84,302.0,78.1
2018-05-09 00:00:00-04:00,199.81,60.31,96.83,306.9042,79.94
2018-05-10 00:00:00-04:00,201.02,61.04,97.9,304.95,81.75
2018-05-11 00:00:00-04:00,199.27,61.4,97.71,301.03,81.27
2018-05-14 00:00:00-04:00,199.14,61.65,98.04,291.89,81.89
2018-05-15 00:00:00-04:00,197.32,61.23,97.32,284.25,81.79
2018-05-16 00:00:00-04:00,197.84,61.49,97.15,286.47,82.01
2018-05-17 00:00:00-04:00,197.38,61.18,96.18,284.46,81.89
2018-05-18 00:00:00-04:00,196.0651,60.19,96.36,276.89,81.3
2018-05-21 00:00:00-04:00,197.91,60.77,97.64,284.47,82.3
2018-05-22 00:00:00-04:00,198.13,61.53,97.57,275.01,81.66
2018-05-23 00:00:00-04:00,195.93,62.23,98.72,279.06,82.14
2018-05-24 00:00:00-04:00,194.79,63.45,98.32,277.85,80.26
2018-05-25 00:00:00-04:00,194.11,65.24,98.38,278.8707,78.7
2018-05-29 00:00:00-04:00,189.7744,64.57,98.01,283.68,78.4
2018-05-30 00:00:00-04:00,194.11,65.98,98.91,291.81,81.51
2018-05-31 00:00:00-04:00,191.5991,64.39,98.86,284.72,81.24
2018-06-01 00:00:00-04:00,192.13,63.84,100.76,291.7284,81.82
2018-06-04 00:00:00-04:00,191.51,64.61,101.66,296.67,80.96
2018-06-05 00:00:00-04:00,190.79,63.26,102.2,291.13,80.7
2018-06-06 00:00:00-04:00,193.99,62.92,102.57,319.44,82.06
2018-06-07 00:00:00-04:00,195.52,62.27,100.92,316.02,82.85
2018-06-08 00:00:00-04:00,196.05,63.72,101.63,317.66,83.58
2018-06-11 00:00:00-04:00,195.38,65.46,101.08,332.11,83.14
2018-06-12 00:00:00-04:00,195.26,65.7,101.3,342.73,82.42
2018-06-13 00:00:00-04:00,194.59,65.77,100.9,344.76,81.53
2018-06-14 00:00:00-04:00,192.56,66.61,101.42,357.72,81.96
2018-06-15 00:00:00-04:00,191.88,67.07,100.22,358.12,80.67
2018-06-18 00:00:00-04:00,191.07,66.26,100.88,370.83,80.83
2018-06-19 00:00:00-04:00,190.36,66.59,100.88,352.58,80.7
2018-06-20 00:00:00-04:00,189.43,66.71,101.95,361.85,80.47
2018-06-21 00:00:00-04:00,188.85,66.83,101.15,347.5,79.69
2018-06-22 00:00:00-04:00,188.91,67.4,100.3,333.63,81.39
2018-06-25 00:00:00-04:00,186.71,69.03,98.39,333.19,79.73
2018-06-26 00:00:00-04:00,186.33,68.67,99.07,342.0,80.63
2018-06-27 00:00:00-04:00,184.82,69.21,97.54,344.55,81.71
2018-06-28 00:00:00-04:00,187.1,69.68,98.63,349.98,81.97
2018-06-29 00:00:00-04:00,186.73,69.88,98.61,342.89,82.83
2018-07-02 00:00:00-04:00,187.6,69.6,100.02,335.07,81.72
2018-07-03 00:00:00-04:00,186.11,69.36,99.07,310.9247,82.34
2018-07-05 00:00:00-04:00,187.53,71.54,99.77,309.11,82.33
2018-07-06 00:00:00-04:00,187.45,71.84,101.17,308.91,82.32
2018-07-09 00:00:00-04:00,189.7,70.47,101.87,318.29,82.89
2018-07-10 00:00:00-04:00,189.85,70.63,102.06,322.37,83.66
2018-07-11 00:00:00-04:00,189.91,70.33,102.02,318.9,82.57
2018-07-12 00:00:00-04:00,189.95,70.68,104.16,316.72,82.67
2018-07-13 00:00:00-04:00,190.97,71.18,105.42,318.8,83.31
2018-07-16 00:00:00-04:00,192.0,70.59,104.92,310.19,82.48
2018-07-17 00:00:00-04:00,190.47,70.65,105.95,322.67,82.33
2018-07-18 00:00:00-04:00,200.46,68.95,105.1,324.0,82.23
2018-07-19 00:00:00-04:00,197.47,69.6,104.73,320.23,82.01
2018-07-20 00:00:00-04:00,196.77,70.19,106.28,313.57,81.4
2018-07-23 00:00:00-04:00,197.81,69.85,107.963,303.2,81.4
2018-07-24 00:00:00-04:00,198.45,70.18,107.63,297.42,83.01
2018-07-25 00:00:00-04:00,197.61,70.85,110.82,308.73,83.6
2018-07-26 00:00:00-04:00,197.46,70.89,109.61,306.35,84.23
2018-07-27 00:00:00-04:00,197.99,71.4,107.67,297.19,81.92
2018-07-30 00:00:00-04:00,199.18,71.33,105.38,290.18,81.74
2018-07-31 00:00:00-04:00,197.82,71.03,106.1,298.15,81.52
2018-08-01 00:00:00-04:00,197.88,69.44,106.28,301.489,80.42
2018-08-02 00:00:00-04:00,198.09,69.87,107.56,349.3898,79.9157
2018-08-03 00:00:00-04:00,200.4,72.14,108.03,348.3,80.16
2018-08-06 00:00:00-04:00,206.22,72.2,108.13,342.0,80.16
2018-08-07 00:00:00-04:00,208.86,71.9,108.87,379.58,81.28
2018-08-08 00:00:00-04:00,208.91,71.02,109.48,370.38,80.72
2018-08-09 00:00:00-04:00,209.0,71.31,109.67,352.26,80.3197
2018-08-10 00:00:00-04:00,206.53,71.37,109.01,355.529,79.44
2018-08-13 00:00:00-04:00,205.17,71.01,108.22,356.41,78.59
2018-08-14 00:00:00-04:00,205.81,71.54,109.57,347.64,78.315
2018-08-15 00:00:00-04:00,204.5,72.09,107.68,338.76,76.94
2018-08-16 00:00:00-04:00,207.57,72.71,107.64,335.45,77.93
2018-08-17 00:00:00-04:00,208.14,73.63,107.58,305.51,78.26
2018-08-20 00:00:00-04:00,208.44,73.72,106.87,308.44,78.81
2018-08-21 00:00:00-04:00,208.36,72.22,105.98,321.9,78.82
2018-08-22 00:00:00-04:00,207.2,72.15,107.07,321.52,79.96
2018-08-23 00:00:00-04:00,207.24,72.11,107.56,320.11,79.09
2018-08-24 00:00:00-04:00,207.93,72.45,108.4,322.81,79.61
2018-08-27 00:00:00-04:00,210.41,72.02,109.6,319.54,80.395
2018-08-28 00:00:00-04:00,210.98,71.48,110.32,311.85,80.28
2018-08-29 00:00:00-04:00,211.22,71.81,112.02,304.88,80.86
2018-08-30 00:00:00-04:00,209.75,71.74,111.95,303.135,80.5
2018-08-31 00:00:00-04:00,208.49,71.78,112.33,301.65,80.13
2018-09-04 00:00:00-04:00,209.98,71.91,111.74,288.99,80.31
2018-09-05 00:00:00-04:00,212.27,72.7,108.51,280.6987,81.37
2018-09-06 00:00:00-04:00,212.9,73.64,108.75,281.0095,80.47
2018-09-07 00:00:00-04:00,214.08,74.09,108.29,263.24,81.84
2018-09-10 00:00:00-04:00,215.15,74.02,109.44,285.46,81.72
2018-09-11 00:00:00-04:00,215.17,73.47,111.26,279.43,82.86
2018-09-12 00:00:00-04:00,214.61,74.44,111.67,290.56,83.12
2018-09-13 00:00:00-04:00,214.86,74.81,112.91,289.42,82.3
2018-09-14 00:00:00-04:00,216.365,74.84,113.35,295.11,82.92
2018-09-17 00:00:00-04:00,216.46,74.7,112.18,294.79,83.41
2018-09-18 00:00:00-04:00,218.32,73.37,113.22,284.93,83.65
2018-09-19 00:00:00-04:00,220.97,72.4,111.7,299.04,84.57
2018-09-20 00:00:00-04:00,221.77,72.8,113.58,298.32,84.82
2018-09-21 00:00:00-04:00,220.57,73.17,114.81,299.01,85.15
2018-09-24 00:00:00-04:00,218.11,72.34,114.67,299.73,86.6
2018-09-25 00:00:00-04:00,218.06,72.09,114.46,301.05,86.49
2018-09-26 00:00:00-04:00,216.35,71.9,114.13,309.5664,85.79
2018-09-27 00:00:00-04:00,216.72,70.01,114.44,307.46,85.775
2018-09-28 00:00:00-04:00,214.11,70.0,114.49,264.72,85.02
2018-10-01 00:00:00-04:00,214.78,69.89,115.59,310.3446,85.83
2018-10-02 00:00:00-04:00,215.23,70.43,115.14,300.9,86.45
2018-10-03 00:00:00-04:00,216.51,68.66,115.16,295.03,86.14
2018-10-04 00:00:00-04:00,218.92,69.15,112.85,281.84,85.57
2018-10-05 00:00:00-04:00,219.46,69.37,112.12,261.99,85.34
2018-10-08 00:00:00-04:00,222.34,70.26,110.86,250.54,86.18
2018-10-09 00:00:00-04:00,223.74,68.99,112.26,262.81,86.51
2018-10-10 00:00:00-04:00,213.15,68.73,106.26,256.89,84.61
2018-10-11 00:00:00-04:00,205.18,67.62,105.92,252.33,81.6
2018-10-12 00:00:00-04:00,206.7,67.9,109.54,259.15,81.36
2018-10-15 00:00:00-04:00,204.99,68.66,107.54,259.56,80.82
2018-10-16 00:00:00-04:00,209.7,69.85,110.89,276.54,81.17
2018-10-17 00:00:00-04:00,210.52,69.65,110.72,271.8,81.49
2018-10-18 00:00:00-04:00,208.79,69.58,108.51,263.95,81.87
2018-10-19 00:00:00-04:00,209.72,71.16,108.55,260.04,81.97
2018-10-22 00:00:00-04:00,206.09,70.57,109.63,260.94,81.14
2018-10-23 00:00:00-04:00,203.87,71.17,108.11,294.26,79.83
2018-10-24 00:00:00-04:00,199.97,71.45,102.38,288.84,77.62
2018-10-25 00:00:00-04:00,201.92,70.52,108.3,314.81,78.31
2018-10-26 00:00:00-04:00,198.31,69.14,106.96,330.63,77.54
2018-10-29 00:00:00-04:00,200.05,70.3,104.09,336.79,77.11
2018-10-30 00:00:00-04:00,203.46,71.86,103.75,329.81,78.8
2018-10-31 00:00:00-04:00,205.22,65.49,106.79,337.28,79.68
2018-11-01 00:00:00-04:00,205.83,63.98,105.91,344.12,80.6
2018-11-02 00:00:00-04:00,205.76,62.99,106.15,346.45,81.93
2018-11-05 00:00:00-05:00,216.32,63.14,107.49,341.27,81.6
2018-11-06 00:00:00-05:00,218.39,64.4,107.71,341.06,82.0
2018-11-07 00:00:00-05:00,221.06,64.27,111.96,348.027,83.02
2018-11-08 00:00:00-05:00,222.42,65.18,111.79,351.29,81.74
2018-11-09 00:00:00-05:00,219.54,65.01,109.53,350.53,80.88
2018-11-12 00:00:00-05:00,215.59,64.3,106.92,331.15,79.89
2018-11-13 00:00:00-05:00,217.87,63.43,106.94,338.61,78.03
2018-11-14 00:00:00-05:00,216.15,62.46,105.01,344.15,77.43
2018-11-15 00:00:00-05:00,217.57,62.53,107.38,348.41,78.18
2018-11-16 00:00:00-05:00,218.5,61.76,108.37,354.29,78.99
2018-11-19 00:00:00-05:00,217.9192,61.68,104.6,353.4801,79.24
2018-11-20 00:00:00-05:00,210.43,61.7,101.71,347.73,76.95
2018-11-21 00:00:00-05:00,210.82,61.9,103.08,338.16,77.56
2018-11-23 00:00:00-05:00,207.08,61.73,103.02,326.0,75.49
2018-11-26 00:00:00-05:00,210.61,61.48,106.5,345.94,76.98
2018-11-27 00:00:00-05:00,212.55,62.25,107.2,343.91,77.04
2018-11-28 00:00:00-05:00,217.63,62.6,111.13,347.87,78.43
2018-11-29 00:00:00-05:00,217.7,63.24,110.2,341.17,79.08
2018-11-30 00:00:00-05:00,217.95,63.64,110.89,350.39,79.48
2018-12-03 00:00:00-05:00,220.75,63.16,112.09,358.64,81.25
2018-12-04 00:00:00-05:00,210.08,61.72,108.5,359.5934,79.44
2018-12-06 00:00:00-05:00,207.98,61.29,109.19,363.06,78.37
2018-12-07 00:00:00-05:00,204.85,60.83,104.78,357.8701,77.67
2018-12-10 00:00:00-05:00,203.1,60.28,107.56,365.14,76.54
2018-12-11 00:00:00-05:00,202.24,60.86,108.66,366.69,76.68
2018-12-12 00:00:00-05:00,202.47,60.97,109.08,366.72,76.03
2018-12-13 00:00:00-05:00,202.34,61.01,109.35,376.89,76.94
2018-12-14 00:00:00-05:00,200.17,60.36,106.02,365.61,75.62
2018-12-17 00:00:00-05:00,197.92,59.21,102.93,348.29,74.01
2018-12-18 00:00:00-05:00,196.46,58.84,103.94,336.83,71.9969
2018-12-19 00:00:00-05:00,195.14,58.69,103.71,332.98,70.78
2018-12-20 00:00:00-05:00,193.58,57.3,101.42,315.315,68.62
2018-12-21 00:00:00-05:00,192.05,57.6,98.07,319.91,68.14
2018-12-24 00:00:00-05:00,187.87,55.84,94.04,295.69,65.55
2018-12-26 00:00:00-05:00,197.85,57.15,100.53,326.08,68.64
2018-12-27 00:00:00-05:00,199.96,57.12,101.05,315.9188,68.93
2018-12-28 00:00:00-05:00,201.91,57.2601,100.3487,333.86,68.13
2018-12-31 00:00:00-05:00,202.89,56.99,100.83,331.4531,67.93
2019-01-02 00:00:00-05:00,202.341,56.61,101.01,309.8699,69.63
2019-01-03 00:00:00-05:00,191.9199,56.78,97.5,300.31,68.82
2019-01-04 00:00:00-05:00,195.23,57.18,101.775,317.54,71.105
2019-01-07 00:00:00-05:00,196.68,57.49,102.15,334.986,71.595
2019-01-08 00:00:00-05:00,196.36,57.9,102.73,335.49,72.08
2019-01-09 00:00:00-05:00,196.13,58.07,104.25,338.52,72.37
2019-01-10 00:00:00-05:00,196.6,58.315,103.57,344.91,72.0
2019-01-11 00:00:00-05:00,195.946,58.575,102.81,347.35,71.605
2019-01-14 00:00:00-05:00,195.37,58.42,102.12,334.7,71.61
2019-01-15 00:00:00-05:00,196.67,59.345,104.78,344.345,71.51
2019-01-16 00:00:00-05:00,198.42,59.08,105.39,345.89,71.75
2019-01-17 00:00:00-05:00,198.48,59.29,106.1,347.15,72.1
2019-01-18 00:00:00-05:00,204.1,59.3,107.6,302.22,72.905
2019-01-22 00:00:00-05:00,199.68,58.615,105.315,298.18,71.745
2019-01-23 00:00:00-05:00,200.84,59.04,106.54,287.18,71.32
2019-01-24 00:00:00-05:00,201.05,57.65,106.23,291.855,71.295
2019-01-25 00:00:00-05:00,202.47,57.79,106.95,297.0,71.64
2019-01-28 00:00:00-05:00,200.68,58.125,105.015,296.38,71.23
2019-01-29 00:00:00-05:00,201.74,58.13,102.89,297.18,71.545
2019-01-30 00:00:00-05:00,205.81,57.905,106.28,308.705,72.35
2019-01-31 00:00:00-05:00,207.57,59.0,104.4575,307.0679,73.185
2019-02-01 00:00:00-05:00,209.02,58.7,102.625,312.1801,75.86
2019-02-04 00:00:00-05:00,208.23,58.895,105.62,312.465,74.83
2019-02-05 00:00:00-05:00,207.5,59.15,107.11,321.37,75.54
2019-02-06 00:00:00-05:00,205.88,59.23,106.06,317.77,75.285
2019-02-07 00:00:00-05:00,201.425,55.8501,105.19,307.5999,74.645
2019-02-08 00:00:00-05:00,200.62,55.095,105.42,305.34,73.835
2019-02-11 00:00:00-05:00,203.0814,55.67,105.255,313.02,74.175
2019-02-12 00:00:00-05:00,205.92,56.5701,106.835,311.99,75.345
2019-02-13 00:00:00-05:00,205.78,56.98,106.785,308.34,76.175
2019-02-14 00:00:00-05:00,202.73,56.61,106.96,303.98,76.21
2019-02-15 00:00:00-05:00,205.04,56.83,108.13,307.8181,77.62
2019-02-19 05:00:00+00:00,205.67,,108.13,305.59,78.18
2019-02-20 05:00:00+00:00,206.3,,107.2,302.53,78.54
2019-02-21 00:00:00-05:00,205.3,58.34,109.44,291.24,77.85
2019-02-22 00:00:00-05:00,201.89,56.75,110.965,294.69,78.41
2019-02-25 00:00:00-05:00,202.3,55.66,111.59,298.7,78.49
2019-02-26 00:00:00-05:00,201.86,55.9,112.36,297.81,78.64
2019-02-27 00:00:00-05:00,202.27,55.76,112.19,314.795,79.47
2019-02-28 00:00:00-05:00,201.33,56.26,112.05,319.81,79.06
2019-03-01 00:00:00-05:00,203.22,56.83,112.52,294.66,79.99
2019-03-04 00:00:00-05:00,202.03,54.61,112.28,285.3,80.33
2019-03-05 00:00:00-05:00,201.42,54.78,111.68,276.64,80.18
2019-03-06 00:00:00-05:00,200.74,54.47,111.74,276.23,79.2895
2019-03-07 00:00:00-05:00,199.3,54.31,110.38,276.6,80.15
2019-03-08 00:00:00-05:00,198.68,54.56,110.52,284.13,79.02
2019-03-11 00:00:00-04:00,202.05,54.15,112.83,290.86,79.78
2019-03-12 00:00:00-04:00,202.63,54.17,113.64,283.37,80.04
2019-03-13 00:00:00-04:00,204.05,53.61,114.51,288.91,80.7
2019-03-14 00:00:00-04:00,203.39,53.81,114.57,289.96,80.45
2019-03-15 00:00:00-04:00,204.29,54.28,115.9,275.5492,80.16
2019-03-18 00:00:00-04:00,206.79,54.26,117.59,269.52,81.09
2019-03-19 00:00:00-04:00,205.35,54.42,117.7,267.38,80.9
2019-03-20 00:00:00-04:00,203.29,54.09,117.52,273.5,81.33
2019-03-21 00:00:00-04:00,204.51,56.47,120.64,274.045,81.8
2019-03-22 00:00:00-04:00,200.56,56.74,117.05,264.64,80.51
2019-03-25 00:00:00-04:00,199.42,56.68,117.65,260.49,79.93
2019-03-26 00:00:00-04:00,200.66,57.57,117.93,267.7602,80.96
2019-03-27 00:00:00-04:00,199.19,56.93,116.77,274.9,80.33
2019-03-28 00:00:00-04:00,200.7,56.96,116.94,278.58,80.73
2019-03-29 00:00:00-04:00,200.84,57.38,117.95,279.75,80.79
2019-04-01 00:00:00-04:00,204.94,56.01,119.02,289.18,81.73
2019-04-02 00:00:00-04:00,203.92,56.36,119.18,285.85,81.37
2019-04-03 00:00:00-04:00,203.64,56.66,119.97,291.76,80.9
2019-04-04 00:00:00-04:00,204.12,56.45,119.33,267.8,82.04
2019-04-05 00:00:00-04:00,205.28,56.79,119.88,274.96,82.5
2019-04-08 00:00:00-04:00,205.19,57.49,119.89,273.15,82.98
2019-04-09 00:00:00-04:00,204.96,57.15,119.31,272.4,81.96
2019-04-10 00:00:00-04:00,204.6,57.51,120.22,276.05,81.58
2019-04-11 00:00:00-04:00,206.7,57.35,120.33,268.4498,81.95
2019-04-12 00:00:00-04:00,210.54,57.58,120.96,267.68,80.91
2019-04-15 00:00:00-04:00,209.73,58.34,121.06,266.38,80.67
2019-04-16 00:00:00-04:00,211.74,58.4,120.79,273.31,81.22
2019-04-17 00:00:00-04:00,210.37,58.08,121.75,271.219,81.41
2019-04-18 00:00:00-04:00,210.08,58.44,123.37,273.26,81.16
2019-04-22 00:00:00-04:00,209.51,58.37,123.76,262.8943,82.91
2019-04-23 00:00:00-04:00,211.68,58.42,125.44,263.98,83.38
2019-04-24 00:00:00-04:00,210.59,58.55,125.09,258.6906,81.77
2019-04-25 00:00:00-04:00,212.07,57.94,129.08,247.573,82.26
2019-04-26 00:00:00-04:00,214.18,59.41,129.89,235.04,80.48
2019-04-29 00:00:00-04:00,216.56,59.63,129.74,241.4375,79.96
2019-04-30 00:00:00-04:00,216.53,60.29,130.58,238.69,80.25
2019-05-01 00:00:00-04:00,216.67,59.4,127.8768,234.01,78.65
2019-05-02 00:00:00-04:00,215.95,57.39,126.2,244.08,77.29
2019-05-03 00:00:00-04:00,218.52,56.47,128.89,255.04,77.44
2019-05-06 00:00:00-04:00,213.31,57.41,128.16,255.335,77.15
2019-05-07 00:00:00-04:00,209.4,57.15,125.57,247.06,76.73
2019-05-08 00:00:00-04:00,209.29,57.25,125.44,244.76,76.87
2019-05-09 00:00:00-04:00,208.55,57.825,125.51,241.98,76.76
2019-05-10 00:00:00-04:00,209.18,58.64,127.19,239.51,76.59
2019-05-13 00:00:00-04:00,205.03,57.78,123.31,227.01,75.72
2019-05-14 00:00:00-04:00,203.69,57.17,124.72,232.12,75.84
2019-05-15 00:00:00-04:00,203.07,57.38,126.05,231.92,76.39
2019-05-16 00:00:00-04:00,204.7,57.41,128.95,228.245,76.36
2019-05-17 00:00:00-04:00,203.17,56.97,128.07,211.0731,75.9
2019-05-20 00:00:00-04:00,202.6605,56.43,126.2,205.34,75.89
2019-05-21 00:00:00-04:00,203.33,56.55,126.9,204.97,76.25
2019-05-22 00:00:00-04:00,202.59,56.83,127.66,192.69,75.56
2019-05-23 00:00:00-04:00,201.4,57.09,126.18,195.48,73.78
2019-05-24 00:00:00-04:00,201.74,56.57,126.23,190.7257,74.12
2019-05-28 00:00:00-04:00,199.55,54.58,126.05,188.72,72.57
2019-05-29 00:00:00-04:00,198.38,52.8,124.94,189.89,72.17
2019-05-30 00:00:00-04:00,199.74,52.09,125.73,188.18,71.99
2019-05-31 00:00:00-04:00,197.34,52.57,123.59,185.48,70.75
2019-06-03 04:00:00+00:00,198.51,,119.88,179.01,71.87
2019-06-04 00:00:00-04:00,201.55,54.57,123.2,193.91,73.59
2019-06-05 00:00:00-04:00,203.29,54.98,125.83,196.677,72.97
2019-06-06 00:00:00-04:00,204.81,55.78,127.9,206.08,74.33
2019-06-07 00:00:00-04:00,205.8,55.99,131.4,204.39,74.56
2019-06-10 00:00:00-04:00,207.02,54.77,132.6,212.88,74.88
2019-06-11 00:00:00-04:00,206.64,55.67,132.1,217.1,74.84
2019-06-12 00:00:00-04:00,204.52,56.23,131.49,209.2173,74.04
2019-06-13 00:00:00-04:00,205.38,56.63,132.32,213.89,74.67
2019-06-14 04:00:00+00:00,,56.63,132.47,214.92,74.36
2019-06-17 04:00:00+00:00,,56.55,132.89,225.03,75.08
2019-06-18 04:00:00+00:00,,55.51,135.18,224.74,75.75
2019-06-19 04:00:00+00:00,,55.05,135.59,226.33,75.32
2019-06-20 04:00:00+00:00,,55.18,136.89,219.59,76.61
2019-06-21 04:00:00+00:00,,55.6,136.94,221.89,77.67
2019-06-24 04:00:00+00:00,,55.78,137.79,223.64,76.96
2019-06-25 04:00:00+00:00,,54.54,133.43,219.77,76.27
2019-06-26 04:00:00+00:00,,53.44,133.93,219.18,76.6087
2019-06-27 04:00:00+00:00,,53.19,134.14,222.81,75.78
2019-06-28 04:00:00+00:00,,53.57,133.93,223.46,76.62
2019-07-01 04:00:00+00:00,,53.38,135.69,227.16,76.58
2019-07-02 04:00:00+00:00,,53.31,136.57,224.62,75.7397
2019-07-03 04:00:00+00:00,,56.67,137.45,234.9,76.42
2019-07-05 04:00:00+00:00,,55.78,137.07,233.15,76.14
2019-07-08 04:00:00+00:00,,55.43,136.97,230.38,76.49
2019-07-09 04:00:00+00:00,,54.86,136.435,230.06,76.45
2019-07-10 00:00:00-04:00,213.91,54.78,137.86,238.92,77.5
2019-07-11 00:00:00-04:00,213.13,54.6,138.4,238.6,77.56
2019-07-12 00:00:00-04:00,214.07,54.55,138.89,245.06,77.62
2019-07-15 00:00:00-04:00,213.5,54.99,138.94,253.48,77.08
2019-07-16 00:00:00-04:00,212.82,55.21,137.08,252.4,75.93
2019-07-17 00:00:00-04:00,207.46,55.99,136.22,254.83,75.49
2019-07-18 00:00:00-04:00,207.93,56.98,136.28,253.59,74.845
2019-07-19 00:00:00-04:00,205.97,56.57,136.62,258.0789,75.02
2019-07-22 00:00:00-04:00,204.81,56.53,138.43,255.65,75.085
2019-07-23 00:00:00-04:00,206.45,58.21,139.29,260.1,75.37
2019-07-24 00:00:00-04:00,207.97,58.26,140.72,265.0288,75.38
2019-07-25 00:00:00-04:00,207.91,58.38,140.19,228.8102,74.95
2019-07-26 00:00:00-04:00,209.86,58.75,141.34,228.0,74.82
2019-07-29 00:00:00-04:00,208.63,58.42,141.04,235.792,75.33
2019-07-30 00:00:00-04:00,207.81,58.57,140.37,242.26,75.35
2019-07-31 00:00:00-04:00,205.33,58.205,136.21,241.62,74.35
2019-08-01 00:00:00-04:00,201.72,63.65,138.06,233.94,72.48
2019-08-02 00:00:00-04:00,202.74,63.38,136.9,234.2784,71.99
2019-08-05 00:00:00-04:00,197.81,61.76,132.2,228.48,70.26
2019-08-06 00:00:00-04:00,200.56,61.66,134.66,230.63,70.98
2019-08-07 00:00:00-04:00,198.23,61.52,135.28,233.47,70.51
2019-08-08 00:00:00-04:00,200.64,62.5,138.91,238.29,72.4
2019-08-09 00:00:00-04:00,199.1,62.18,137.69,235.0,70.84
2019-08-12 00:00:00-04:00,197.11,61.615,135.81,229.02,69.61
2019-08-13 00:00:00-04:00,198.88,62.71,138.6,234.97,70.48
2019-08-14 00:00:00-04:00,195.695,61.56,133.98,219.59,67.66
2019-08-15 00:00:00-04:00,198.32,63.52,133.691,215.52,67.25
2019-08-16 00:00:00-04:00,199.77,63.79,136.13,219.92,68.29
2019-08-19 00:00:00-04:00,200.92,64.43,138.41,226.81,69.45
2019-08-20 00:00:00-04:00,198.205,63.22,137.24,225.65,69.03
2019-08-21 00:00:00-04:00,199.2,63.35,138.78,220.79,69.72
2019-08-22 00:00:00-04:00,201.27,63.84,137.77,222.05,69.59
2019-08-23 00:00:00-04:00,197.27,63.26,133.4,211.39,67.49
2019-08-26 00:00:00-04:00,200.18,63.66,135.54,214.98,67.89
2019-08-27 00:00:00-04:00,198.2,62.09,135.75,214.16,67.18
2019-08-28 00:00:00-04:00,200.46,62.51,135.55,215.59,67.67
2019-08-29 00:00:00-04:00,203.18,62.96,138.16,221.7,68.41
2019-08-30 00:00:00-04:00,203.26,62.8,137.92,225.6,68.44
2019-09-03 00:00:00-04:00,200.93,63.69,136.12,225.11,68.56
2019-09-04 00:00:00-04:00,202.22,63.34,137.69,220.71,69.31
2019-09-05 00:00:00-04:00,204.18,62.86,140.05,229.48,70.27
2019-09-06 00:00:00-04:00,204.82,64.22,139.13,227.49,70.93
2019-09-09 00:00:00-04:00,206.66,64.17,137.58,231.78,71.49
2019-09-10 00:00:00-04:00,208.08,62.91,136.15,235.54,72.06
2019-09-11 00:00:00-04:00,210.92,63.78,136.15,247.23,71.89
2019-09-12 00:00:00-04:00,211.47,63.71,137.5414,245.86,71.97
2019-09-13 00:00:00-04:00,213.59,63.33,137.21,245.27,72.63
2019-09-16 00:00:00-04:00,210.37,63.79,136.4,242.7,73.73
2019-09-17 00:00:00-04:00,210.08,64.15,137.39,244.79,73.14
2019-09-18 00:00:00-04:00,210.96,63.61,138.53,243.43,72.82
2019-09-19 00:00:00-04:00,209.06,63.74,141.08,246.58,72.31
2019-09-20 00:00:00-04:00,207.98,63.71,139.28,240.59,72.07
2019-09-23 00:00:00-04:00,207.96,63.26,139.09,241.25,72.12
2019-09-24 00:00:00-04:00,206.47,63.86,137.38,223.2817,71.18
2019-09-25 00:00:00-04:00,208.12,64.075,139.36,228.7,71.34
2019-09-26 00:00:00-04:00,206.9,64.21,139.57,242.52,70.97
2019-09-27 00:00:00-04:00,207.47,64.12,137.75,242.13,71.5
2019-09-30 00:00:00-04:00,208.0,64.37,139.03,240.84,70.6
2019-10-01 00:00:00-04:00,206.57,63.1,137.06,244.69,68.95
2019-10-02 00:00:00-04:00,203.26,61.99,134.63,243.24,67.19
2019-10-03 00:00:00-04:00,205.03,62.41,136.3,232.92,68.0
2019-10-04 00:00:00-04:00,208.08,62.83,138.11,231.4159,68.95
2019-10-07 00:00:00-04:00,207.23,62.68,137.1,237.72,68.05
2019-10-08 00:00:00-04:00,204.07,61.84,135.66,240.0,66.69
2019-10-09 00:00:00-04:00,206.71,62.12,138.21,244.53,67.44
2019-10-10 00:00:00-04:00,206.86,62.38,139.1,244.74,68.27
2019-10-11 00:00:00-04:00,208.0,62.14,139.61,247.77,68.96
2019-10-14 00:00:00-04:00,207.87,62.39,139.54,256.92,69.19
2019-10-15 00:00:00-04:00,209.36,61.92,141.57,257.86,69.4
2019-10-16 00:00:00-04:00,209.3,61.34,140.48,259.6902,68.235
2019-10-17 00:00:00-04:00,208.69,62.22,139.67,261.98,68.14
2019-10-18 00:00:00-04:00,208.77,61.94,137.34,256.9899,67.62
2019-10-21 00:00:00-04:00,211.48,62.5,138.43,253.43,68.74
2019-10-22 00:00:00-04:00,210.71,62.08,136.39,255.52,69.11
2019-10-23 00:00:00-04:00,210.88,62.21,137.25,254.889,69.75
2019-10-24 00:00:00-04:00,210.24,61.65,139.95,299.62,69.07
2019-10-25 00:00:00-04:00,211.74,60.87,140.73,328.19,69.2
2019-10-28 00:00:00-04:00,212.79,61.07,144.2,327.51,68.62
2019-10-29 00:00:00-04:00,213.0,62.87,142.81,316.2,68.45
2019-10-30 00:00:00-04:00,213.29,63.87,144.56,314.86,67.74
2019-10-31 00:00:00-04:00,212.52,63.54,143.39,315.09,67.57
2019-11-01 00:00:00-04:00,215.94,63.67,143.72,313.21,69.595
2019-11-04 00:00:00-05:00,217.94,63.56,144.52,317.425,71.67
2019-11-05 00:00:00-05:00,220.88,63.51,144.46,317.16,73.09
2019-11-06 00:00:00-05:00,222.0,64.42,144.06,326.7,71.49
2019-11-07 00:00:00-05:00,222.65,63.73,144.28,335.39,73.0
2019-11-08 00:00:00-05:00,221.2126,63.97,145.96,337.12,70.77
2019-11-11 00:00:00-05:00,220.88,63.47,146.12,345.1,70.31
2019-11-12 00:00:00-05:00,220.91,63.98,147.08,349.95,69.38
2019-11-13 00:00:00-05:00,219.79,64.41,147.34,345.99,68.76
2019-11-14 00:00:00-05:00,219.5,64.05,148.06,349.36,68.53
2019-11-15 00:00:00-05:00,219.7,64.65,149.95,352.24,69.17
2019-11-18 00:00:00-05:00,219.31,65.45,150.34,349.98,68.51
2019-11-19 00:00:00-05:00,218.92,65.32,150.39,359.52,67.83
2019-11-20 00:00:00-05:00,217.45,65.39,149.62,352.4,68.01
2019-11-21 00:00:00-05:00,216.67,64.72,149.49,354.9697,69.66
2019-11-22 00:00:00-05:00,217.87,64.5,149.63,332.99,69.35
2019-11-25 00:00:00-05:00,219.035,64.32,151.2247,336.3009,68.9
2019-11-26 00:00:00-05:00,218.87,65.46,152.0,328.93,68.74
2019-11-27 00:00:00-05:00,220.54,65.602,152.34,331.05,68.71
2019-11-29 00:00:00-05:00,220.45,65.11,151.38,330.04,68.15
2019-12-02 00:00:00-05:00,220.41,65.45,149.55,334.86,68.44
2019-12-03 00:00:00-05:00,218.11,65.65,149.32,336.08,67.9
2019-12-04 00:00:00-05:00,218.4,65.7,149.83,332.99,68.65
2019-12-05 00:00:00-05:00,219.69,65.77,149.92,330.34,68.41
2019-12-06 00:00:00-05:00,222.6,66.21,151.75,335.85,69.5
2019-12-09 00:00:00-05:00,221.37,66.535,151.36,339.4,69.66
2019-12-10 00:00:00-05:00,221.26,66.64,151.17,348.83,69.06
2019-12-11 00:00:00-05:00,222.56,66.12,151.69,352.5,68.95
2019-12-12 00:00:00-05:00,225.87,66.19,153.23,359.67,70.35
2019-12-13 00:00:00-05:00,225.36,66.25,154.54,358.37,69.22
2019-12-16 00:00:00-05:00,226.85,66.26,155.54,381.51,69.9296
2019-12-17 00:00:00-05:00,227.01,66.1,154.79,378.9101,69.66
2019-12-18 00:00:00-05:00,225.15,66.48,154.37,393.1,69.875
2019-12-19 00:00:00-05:00,225.11,66.77,155.71,404.02,69.38
2019-12-20 00:00:00-05:00,226.26,68.57,157.39,405.55,69.94
2019-12-23 00:00:00-05:00,225.47,68.81,157.41,419.18,70.29
2019-12-24 00:00:00-05:00,225.49,68.94,157.39,425.18,70.02
2019-12-26 00:00:00-05:00,226.51,68.68,158.67,430.8202,70.13
2019-12-27 00:00:00-05:00,226.14,69.18,158.95,430.23,69.89
2019-12-30 00:00:00-05:00,225.84,68.77,157.68,414.62,69.48
2019-12-31 00:00:00-05:00,226.43,69.16,157.49,418.17,69.76
2020-01-02 00:00:00-05:00,228.33,67.66,160.73,430.24,70.9
2020-01-03 00:00:00-05:00,226.18,68.02,158.59,442.75,70.32
2020-01-06 00:00:00-05:00,227.06,67.95,159.02,451.4001,70.87
2020-01-07 00:00:00-05:00,225.84,68.81,157.6,469.17,70.28
2020-01-08 00:00:00-05:00,225.9,68.89,160.14,492.09,69.235
2020-01-09 00:00:00-05:00,228.66,69.14,162.09,481.49,69.77
2020-01-10 00:00:00-05:00,226.63,69.29,161.32,477.96,69.1456
2020-01-13 00:00:00-05:00,228.44,69.71,163.28,524.85,69.79
2020-01-14 00:00:00-05:00,227.11,69.995,162.15,538.0,69.2
2020-01-15 00:00:00-05:00,228.33,70.26,163.29,518.505,69.1
2020-01-16 00:00:00-05:00,229.91,70.74,166.21,513.49,68.83
2020-01-17 00:00:00-05:00,230.14,70.88,167.05,510.19,68.55
2020-01-21 00:00:00-05:00,228.54,70.59,166.49,547.3007,67.59
2020-01-22 00:00:00-05:00,229.65,70.26,165.69,569.43,67.1703
2020-01-23 00:00:00-05:00,229.29,70.44,166.72,571.9422,66.78
2020-01-24 00:00:00-05:00,226.9,69.34,165.04,564.96,66.31
2020-01-27 00:00:00-05:00,222.34,69.04,162.26,557.54,64.72
2020-01-28 00:00:00-05:00,223.97,68.99,165.46,566.82,64.66
2020-01-29 00:00:00-05:00,224.51,68.43,168.18,581.0,64.13
2020-01-30 00:00:00-05:00,227.93,68.88,172.74,640.93,64.76
2020-01-31 00:00:00-05:00,224.16,68.21,170.17,650.48,62.1171
2020-02-03 00:00:00-05:00,223.43,68.84,174.39,780.28,60.72
2020-02-04 00:00:00-05:00,225.07,68.67,180.13,887.72,59.97
2020-02-05 00:00:00-05:00,228.68,69.37,179.94,734.72,62.74
2020-02-06 00:00:00-05:00,229.56,63.46,183.64,748.5,61.88
2020-02-07 00:00:00-05:00,227.4,64.18,183.95,747.9808,61.48
2020-02-10 00:00:00-05:00,227.11,65.34,188.74,770.8467,59.97
2020-02-11 00:00:00-05:00,227.33,66.27,184.44,774.02,60.53
2020-02-12 00:00:00-05:00,227.46,66.18,184.72,767.44,61.26
2020-02-13 00:00:00-05:00,226.51,67.16,183.76,803.86,60.95
2020-02-14 00:00:00-05:00,226.74,67.7,185.35,799.9724,60.64
2020-02-18 00:00:00-05:00,226.83,67.17,187.22,858.66,59.9
2020-02-19 00:00:00-05:00,229.26,66.3,187.28,916.96,60.33
2020-02-20 00:00:00-05:00,228.2,65.67,184.33,899.18,59.8252
2020-02-21 00:00:00-05:00,229.2,65.53,178.56,901.0,59.135
2020-02-24 00:00:00-05:00,221.7,64.49,170.88,833.16,56.37
2020-02-25 00:00:00-05:00,218.09,63.39,168.05,799.11,54.21
2020-02-26 00:00:00-05:00,216.06,62.76,170.16,778.8,53.02
2020-02-27 00:00:00-05:00,207.35,61.03,158.0,678.85,49.82
2020-02-28 00:00:00-05:00,206.13,60.47,162.11,667.43,51.43
2020-03-02 00:00:00-05:00,218.19,63.14,172.85,743.69,53.88
2020-03-03 00:00:00-05:00,208.77,62.62,164.38,745.51,51.27
2020-03-04 00:00:00-05:00,217.8,64.59,170.54,749.5,52.43
2020-03-05 00:00:00-05:00,209.35,63.64,166.24,723.62,50.13
2020-03-06 00:00:00-05:00,206.03,63.19,161.57,703.39,47.7
2020-03-09 00:00:00-04:00,192.94,62.37,150.62,606.46,41.866
2020-03-10 00:00:00-04:00,202.78,62.89,161.03,645.0,43.0
2020-03-11 00:00:00-04:00,194.68,61.72,153.56,633.905,41.99
2020-03-12 00:00:00-04:00,175.61,58.19,138.76,556.01,37.189
2020-03-13 00:00:00-04:00,196.4,63.66,158.85,546.2,38.11
2020-03-16 00:00:00-04:00,177.6101,62.54,135.4144,444.9801,34.48
2020-03-17 00:00:00-04:00,187.66,69.22,146.57,430.0,36.79
2020-03-18 00:00:00-04:00,172.44,68.95,142.13,361.6,33.16
2020-03-19 00:00:00-04:00,174.68,61.4001,142.67,427.295,34.44
2020-03-20 00:00:00-04:00,169.7,55.7301,136.77,427.53,32.74
2020-03-23 00:00:00-04:00,161.69,53.56,135.56,434.29,31.41
2020-03-24 00:00:00-04:00,178.01,56.27,148.34,504.3,35.49
2020-03-25 00:00:00-04:00,179.6,56.03,146.85,539.175,37.29
2020-03-26 00:00:00-04:00,183.45,58.75,156.11,528.05,38.7
2020-03-27 00:00:00-04:00,179.57,59.59,149.61,514.56,36.94
2020-03-30 00:00:00-04:00,183.31,60.98,160.3,502.1,37.5
2020-03-31 00:00:00-04:00,182.83,59.95,157.64,524.48,37.97
2020-04-01 00:00:00-04:00,176.0,61.09,151.94,481.58,37.51
2020-04-02 00:00:00-04:00,179.85,61.33,155.26,454.47,40.4
2020-04-03 00:00:00-04:00,178.33,63.55,153.8201,480.0,39.22
2020-04-06 00:00:00-04:00,184.97,63.39,165.27,516.24,40.44
2020-04-07 00:00:00-04:00,184.9,62.55,163.49,545.47,41.23
2020-04-08 00:00:00-04:00,190.9,61.46,165.11,548.7,43.85
2020-04-09 00:00:00-04:00,193.84,62.71,165.19,573.01,43.09
2020-04-13 00:00:00-04:00,188.75,62.8,165.51,650.9899,42.76
2020-04-14 00:00:00-04:00,192.94,63.59,173.7,709.755,42.42
2020-04-15 00:00:00-04:00,188.78,62.93,171.94,729.5254,40.51
2020-04-16 00:00:00-04:00,187.76,64.13,177.07,745.6545,39.14
2020-04-17 00:00:00-04:00,191.2,65.01,178.6,753.65,43.24
2020-04-20 00:00:00-04:00,188.74,66.24,174.99,746.35,41.17
2020-04-21 00:00:00-04:00,183.42,65.52,167.67,686.72,40.97
2020-04-22 00:00:00-04:00,186.57,64.77,173.725,732.15,42.165
2020-04-23 00:00:00-04:00,185.59,64.5,171.43,705.63,43.46
2020-04-24 00:00:00-04:00,186.53,64.09,174.54,725.0,43.74
2020-04-27 00:00:00-04:00,187.4,65.11,174.03,798.92,43.92
2020-04-28 00:00:00-04:00,187.08,65.74,169.79,769.11,44.98
2020-04-29 00:00:00-04:00,189.0,64.98,177.3,799.84,47.48
2020-04-30 00:00:00-04:00,187.34,65.45,179.22,781.06,46.4
2020-05-01 00:00:00-04:00,182.785,64.91,174.5,701.31,43.17
2020-05-04 00:00:00-04:00,177.99,63.64,178.84,761.21,44.87
2020-05-05 00:00:00-04:00,175.96,63.24,180.76,768.06,44.82
2020-05-06 00:00:00-04:00,172.5,64.09,182.49,782.45,43.98
2020-05-07 00:00:00-04:00,173.63,62.7,183.6078,780.215,44.2336
2020-05-08 00:00:00-04:00,176.77,63.67,184.68,819.25,46.19
2020-05-11 00:00:00-04:00,174.57,63.22,186.65,810.48,45.73
2020-05-12 00:00:00-04:00,172.81,63.53,182.38,809.21,44.13
2020-05-13 00:00:00-04:00,170.56,64.19,179.78,790.62,41.93
2020-05-14 00:00:00-04:00,171.0,63.68,180.61,803.04,42.3
2020-05-15 00:00:00-04:00,169.48,64.16,183.39,799.034,42.0
2020-05-18 00:00:00-04:00,175.46,63.76,184.9,813.51,45.34
2020-05-19 00:00:00-04:00,172.48,62.42,183.5,808.0,43.935
2020-05-20 00:00:00-04:00,176.12,62.47,185.66,815.46,45.39
2020-05-21 00:00:00-04:00,174.95,61.36,183.49,827.75,44.5785
2020-05-22 00:00:00-04:00,175.0,62.1,183.51,816.4,44.6
2020-05-26 00:00:00-04:00,180.44,62.12,181.56,818.74,45.92
2020-05-27 00:00:00-04:00,185.74,64.61,181.81,819.955,46.24
2020-05-28 00:00:00-04:00,185.19,65.45,181.27,805.975,45.04
2020-05-29 00:00:00-04:00,185.58,65.31,183.96,834.1905,45.53
2020-06-01 00:00:00-04:00,183.84,66.12,182.86,897.875,46.269
2020-06-02 00:00:00-04:00,186.0,66.84,185.0,881.4,47.305
2020-06-03 00:00:00-04:00,190.8,65.42,185.36,882.51,49.22
2020-06-04 00:00:00-04:00,192.05,64.71,182.95,864.27,49.1
2020-06-05 00:00:00-04:00,200.53,65.62,187.5,885.335,53.2
2020-06-08 00:00:00-04:00,201.6,67.16,188.47,948.45,54.71
2020-06-09 00:00:00-04:00,196.07,66.21,190.07,941.5524,53.59
2020-06-10 00:00:00-04:00,191.38,66.52,196.82,1024.974,50.66
2020-06-11 00:00:00-04:00,178.16,63.78,186.47,972.41,46.17
2020-06-12 00:00:00-04:00,178.895,63.9584,188.14,936.25,46.61
2020-06-15 00:00:00-04:00,181.68,65.5,189.09,990.75,47.145
2020-06-16 00:00:00-04:00,182.5,66.69,193.67,981.51,48.25
2020-06-17 00:00:00-04:00,180.85,67.09,194.2,990.56,46.62
2020-06-18 00:00:00-04:00,180.75,67.76,196.32,1004.02,46.92
2020-06-19 00:00:00-04:00,179.74,67.79,195.03,1000.57,46.07
2020-06-22 00:00:00-04:00,180.17,66.7,200.58,994.54,46.4
2020-06-23 00:00:00-04:00,181.05,66.34,201.889,1001.66,46.69
2020-06-24 00:00:00-04:00,177.57,64.89,197.84,960.85,44.52
2020-06-25 00:00:00-04:00,178.8,65.49,200.36,985.98,45.17
2020-06-26 00:00:00-04:00,175.57,63.84,196.33,960.76,43.62
2020-06-29 00:00:00-04:00,177.17,65.09,198.5,1009.89,44.32
2020-06-30 00:00:00-04:00,178.4,66.06,203.5,1079.0,44.69
2020-07-01 00:00:00-04:00,178.1,65.92,204.66,1119.54,43.73
2020-07-02 00:00:00-04:00,178.82,66.32,206.21,1208.8,44.09
2020-07-06 00:00:00-04:00,182.71,66.17,210.69,1371.0,44.39
2020-07-07 00:00:00-04:00,181.15,66.62,208.24,1389.69,43.26
2020-07-08 00:00:00-04:00,181.29,66.63,212.84,1365.8054,43.14
2020-07-09 00:00:00-04:00,178.84,65.87,214.4,1393.81,41.36
2020-07-10 00:00:00-04:00,182.84,67.19,213.65,1546.01,42.64
2020-07-13 00:00:00-04:00,184.2,66.96,207.1,1494.1,42.69
2020-07-14 00:00:00-04:00,189.76,68.38,208.39,1516.385,44.07
2020-07-15 00:00:00-04:00,190.55,68.08,208.05,1546.875,44.62
2020-07-16 00:00:00-04:00,190.76,68.28,203.88,1498.7701,44.29
2020-07-17 00:00:00-04:00,190.71,68.61,202.87,1500.45,43.51
2020-07-20 00:00:00-04:00,190.48,67.4,211.49,1642.47,42.5
2020-07-21 00:00:00-04:00,192.25,67.71,208.75,1567.58,44.65
2020-07-22 00:00:00-04:00,192.1,67.45,211.7533,1590.58,43.61
2020-07-23 00:00:00-04:00,193.31,68.41,202.6,1513.68,43.7
2020-07-24 00:00:00-04:00,194.52,68.7,201.3,1415.56,43.42
2020-07-27 00:00:00-04:00,192.09,69.95,203.85,1539.91,44.07
2020-07-28 00:00:00-04:00,194.12,70.91,201.74,1475.35,43.55
2020-07-29 00:00:00-04:00,196.41,70.97,204.06,1499.99,44.04
2020-07-30 00:00:00-04:00,194.3,70.61,203.89,1487.42,41.9
2020-07-31 00:00:00-04:00,195.82,68.97,205.1,1432.0,42.08
2020-08-03 00:00:00-04:00,199.14,69.33,216.54,1484.98,42.26
2020-08-04 00:00:00-04:00,200.31,69.72,213.35,1486.25,43.48
2020-08-05 00:00:00-04:00,203.62,69.25,212.95,1485.18,43.84
2020-08-06 00:00:00-04:00,205.09,69.22,216.35,1489.69,43.64
2020-08-07 00:00:00-04:00,209.37,69.52,212.44,1453.1,43.45
2020-08-10 00:00:00-04:00,212.54,69.03,208.33,1419.0,44.53
2020-08-11 00:00:00-04:00,212.6,68.12,203.33,1374.0,44.9699
2020-08-12 00:00:00-04:00,213.16,69.27,209.29,1554.423,44.09
2020-08-13 00:00:00-04:00,211.88,69.04,208.72,1620.71,43.015
2020-08-14 00:00:00-04:00,210.98,69.13,208.89,1651.5,43.21
2020-08-17 00:00:00-04:00,206.8,69.7,210.2492,1835.86,42.66
2020-08-18 00:00:00-04:00,208.42,70.13,211.48,1888.11,42.43
2020-08-19 00:00:00-04:00,207.44,68.85,209.7,1879.0,41.96
2020-08-20 00:00:00-04:00,206.13,68.74,214.55,2001.3,41.33
2020-08-21 00:00:00-04:00,207.43,68.89,213.02,2050.0,41.025
2020-08-24 00:00:00-04:00,212.61,69.58,213.71,2015.695,42.24
2020-08-25 00:00:00-04:00,213.35,69.5,216.4564,2024.09,40.89
2020-08-26 00:00:00-04:00,214.67,70.38,221.15,2151.93,40.01
2020-08-27 00:00:00-04:00,216.89,70.46,226.57,2239.76,39.73
2020-08-28 00:00:00-04:00,218.55,70.5399,228.94,2213.52,40.69
2020-08-31 00:00:00-04:00,218.04,70.9,225.06,498.51,39.94
2020-09-01 00:00:00-04:00,218.54,69.24,227.32,475.04,39.44
2020-09-02 00:00:00-04:00,221.5,70.41,231.46,447.245,39.17
2020-09-03 00:00:00-04:00,218.05,69.94,217.3,407.0,39.1
2020-09-04 00:00:00-04:00,218.25,69.2,214.14,417.9307,39.07
2020-09-08 00:00:00-04:00,217.77,66.34,202.65,330.02,38.18
2020-09-09 00:00:00-04:00,219.62,66.53,211.18,366.21,37.9641
2020-09-10 00:00:00-04:00,217.76,66.0,205.38,370.5,37.0
2020-09-11 00:00:00-04:00,217.93,65.44,204.04,372.4101,36.899
2020-09-14 00:00:00-04:00,219.81,65.415,205.3,419.765,36.65
2020-09-15 00:00:00-04:00,218.87,65.64,208.85,449.38,36.27
2020-09-16 00:00:00-04:00,219.57,63.93,204.94,441.76,37.81
2020-09-17 00:00:00-04:00,218.01,63.54,202.96,423.43,37.79
2020-09-18 00:00:00-04:00,217.96,62.88,200.45,440.9701,37.18
2020-09-21 00:00:00-04:00,213.08,62.73,202.64,449.41,36.43
2020-09-22 00:00:00-04:00,214.22,62.69,207.38,423.974,35.54
2020-09-23 00:00:00-04:00,209.59,61.12,200.59,380.3885,34.39
2020-09-24 00:00:00-04:00,208.79,62.67,203.18,387.63,34.32
2020-09-25 00:00:00-04:00,210.38,63.07,207.77,407.18,34.645
2020-09-28 00:00:00-04:00,213.69,63.39,209.61,421.0602,35.31
2020-09-29 00:00:00-04:00,210.37,63.44,207.16,418.99,34.27
2020-09-30 00:00:00-04:00,212.89,64.59,210.32,428.97,34.33
2020-10-01 00:00:00-04:00,211.94,64.38,212.46,447.81,33.13
2020-10-02 00:00:00-04:00,211.25,64.705,206.18,415.2699,32.98
2020-10-05 00:00:00-04:00,212.41,65.45,210.37,425.5,33.74
2020-10-06 00:00:00-04:00,210.03,65.15,205.91,413.7001,33.37
2020-10-07 00:00:00-04:00,213.27,64.86,209.81,425.19,33.5096
2020-10-08 00:00:00-04:00,215.16,65.19,210.63,425.92,35.26
2020-10-09 00:00:00-04:00,215.62,65.86,215.81,433.96,34.72
2020-10-12 00:00:00-04:00,215.96,66.3,221.41,442.0,34.62
2020-10-13 00:00:00-04:00,212.16,66.79,222.83,446.65,34.21
2020-10-14 00:00:00-04:00,210.69,66.86,220.93,461.47,34.16
2020-10-15 00:00:00-04:00,211.64,67.15,219.66,448.88,34.445
2020-10-16 00:00:00-04:00,211.94,67.1,219.65,439.91,34.11
2020-10-19 00:00:00-04:00,209.05,66.7,214.24,430.83,33.42
2020-10-20 00:00:00-04:00,209.95,66.25,214.56,421.97,33.71
2020-10-21 00:00:00-04:00,210.03,65.96,214.785,422.5,33.16
2020-10-22 00:00:00-04:00,211.68,66.34,214.84,425.9,34.87
2020-10-23 00:00:00-04:00,212.75,66.76,216.26,420.615,34.17
